228 1258 48

263.75
   
0 1 20 1
0 2 16 1
0 3 13 1
0 6 13 2
0 7 25 2
0 8 36 2
0 9 14 2
0 16 8 2
0 26 13 2
0 59 14 7
0 67 6 5
0 96 5 4
0 102 37 6
0 157 35 10
0 162 1 6
0 196 38 6
0 198 36 2
1 2 4 1
1 3 11 1
1 15 16 2
1 16 24 2
1 18 31 2
1 19 26 2
1 61 12 10
1 68 35 8
1 118 17 7
1 119 30 5
1 158 3 4
1 167 34 7
1 194 10 5
1 227 3 3
2 3 7 1
2 4 37 2
2 20 2 2
2 21 5 2
2 25 24 2
2 34 48 10
2 63 12 4
2 96 36 1
2 120 24 3
2 148 28 1
2 169 47 4
2 203 1 6
2 208 28 1
3 19 24 2
3 24 17 2
3 27 26 2
3 28 46 10
3 43 13 5
3 115 5 6
3 120 43 10
3 130 38 3
3 159 29 10
3 194 44 4
3 213 12 8
4 5 26 1
4 6 12 1
4 39 26 5
4 76 31 9
4 100 32 8
4 113 48 5
4 150 29 9
4 160 31 7
4 205 19 8
4 226 13 10
5 6 14 1
5 31 14 5
5 70 48 10
5 88 12 6
5 91 31 9
5 146 24 1
5 172 19 9
5 195 4 7
5 198 41 1
6 40 30 5
6 75 9 2
6 79 35 10
6 101 1 7
6 150 20 9
6 157 28 6
6 196 25 3
6 223 30 6
7 69 9 8
7 73 17 8
7 119 31 3
7 122 10 4
7 154 35 7
7 177 42 3
7 218 16 8
7 223 43 9
8 21 36 5
8 38 27 10
8 69 6 1
8 106 38 7
8 116 14 3
8 141 41 6
8 165 19 4
8 193 12 3
8 217 18 7
9 10 6 1
9 11 14 1
9 50 39 2
9 61 17 7
9 115 3 9
9 123 30 7
9 128 34 9
9 136 9 5
9 182 7 10
9 221 13 4
10 11 9 1
10 26 11 5
10 47 1 2
10 56 39 6
10 84 37 10
10 126 45 6
10 133 19 7
10 158 21 10
10 193 20 2
10 195 43 8
11 32 9 4
11 42 47 4
11 103 15 8
11 126 49 2
11 146 1 2
11 151 38 10
11 185 12 6
11 224 49 7
12 13 15 1
12 14 9 1
12 15 12 1
12 30 23 2
12 77 45 2
12 118 7 9
12 126 28 9
12 134 43 4
12 153 47 5
12 200 11 3
12 210 43 7
13 14 11 1
13 15 27 1
13 31 38 6
13 45 6 7
13 90 16 9
13 105 20 5
13 140 8 1
13 142 12 8
13 181 37 9
13 216 24 10
14 15 19 1
14 31 39 7
14 75 23 7
14 84 38 9
14 121 37 6
14 131 15 5
14 167 48 6
14 206 50 8
14 209 34 5
15 29 30 4
15 62 22 4
15 96 24 5
15 97 5 1
15 148 15 9
15 169 14 2
15 178 32 2
15 192 27 7
16 31 4 8
16 70 23 3
16 98 40 8
16 105 48 4
16 139 1 3
16 151 20 9
16 183 33 1
16 217 11 9
17 18 22 1
17 50 14 3
17 73 20 7
17 90 39 7
17 111 48 8
17 131 45 9
17 166 50 4
17 181 8 2
17 217 8 5
18 30 16 8
18 37 23 5
18 87 11 1
18 108 44 2
18 130 37 4
18 156 36 4
18 192 36 6
18 218 1 2
19 28 18 10
19 32 33 9
19 87 4 8
19 111 44 4
19 165 39 2
19 174 25 5
19 178 44 5
19 184 27 2
20 45 30 7
20 74 41 1
20 86 17 8
20 122 50 10
20 146 40 10
20 154 22 4
20 178 19 10
20 218 37 9
21 22 22 1
21 23 18 1
21 24 14 1
21 42 16 10
21 51 34 2
21 109 35 4
21 125 29 10
21 138 47 6
21 156 36 3
21 209 37 3
21 221 31 4
22 23 23 1
22 24 11 1
22 36 34 7
22 51 14 8
22 81 39 1
22 121 36 4
22 147 13 6
22 155 6 6
22 206 50 9
22 227 33 10
23 24 23 1
23 40 4 5
23 66 22 5
23 96 4 2
23 116 2 1
23 132 16 1
23 161 33 9
23 187 43 7
23 226 44 4
24 70 30 1
24 73 11 6
24 94 33 2
24 110 42 4
24 138 41 5
24 165 10 10
24 179 15 8
24 220 21 2
25 28 13 3
25 40 8 3
25 83 30 4
25 119 10 1
25 145 15 3
25 157 19 7
25 200 38 4
25 210 13 8
26 27 19 1
26 34 9 4
26 36 46 1
26 83 34 2
26 126 25 6
26 142 11 1
26 163 31 10
26 187 48 7
26 190 47 7
27 43 30 7
27 66 37 4
27 83 14 6
27 85 15 5
27 142 34 6
27 157 28 3
27 192 22 6
27 197 41 2
28 29 6 3
28 30 21 1
28 31 46 10
28 32 14 8
28 34 13 10
28 37 29 1
28 41 45 8
28 42 15 1
28 46 33 10
28 50 27 1
28 53 21 9
28 78 49 1
28 88 6 8
28 152 15 2
28 173 49 3
28 192 28 1
28 224 25 5
29 30 28 2
29 31 29 1
29 32 32 7
29 54 36 7
29 63 40 5
29 90 39 3
29 127 23 1
29 133 10 10
29 151 34 2
29 208 33 6
29 218 33 1
30 31 17 5
30 32 2 2
30 42 19 10
30 52 35 3
30 53 40 8
30 57 7 2
30 61 2 7
30 64 17 3
30 67 33 1
30 90 35 3
30 124 45 2
30 153 33 9
30 167 10 6
30 204 13 3
30 211 38 4
31 32 35 2
31 41 38 7
31 43 4 7
31 69 15 10
31 106 28 8
31 125 30 1
31 151 6 10
31 163 34 5
31 216 38 6
31 222 28 8
32 34 22 10
32 50 6 8
32 52 42 7
32 67 33 2
32 74 5 4
32 77 2 1
32 107 5 7
32 115 17 2
32 152 28 4
32 154 47 6
32 214 8 3
32 223 24 1
33 34 39 5
33 95 37 9
33 118 4 6
33 140 10 6
33 172 16 2
33 208 4 9
33 220 6 6
34 88 39 1
34 126 50 7
34 144 1 1
34 147 36 5
34 190 10 7
34 202 33 5
35 36 46 1
35 37 23 3
35 38 7 4
35 87 35 10
35 97 20 9
35 148 18 1
35 150 14 9
35 194 49 1
35 197 22 8
36 37 4 2
36 38 22 10
36 102 21 2
36 125 50 3
36 148 18 9
36 150 50 10
36 198 25 3
36 212 37 6
37 38 33 2
37 73 17 5
37 80 33 7
37 94 26 4
37 131 41 5
37 153 19 6
37 192 22 6
37 204 12 9
38 90 27 3
38 108 17 6
38 144 20 5
38 177 25 1
38 220 14 2
38 223 45 8
39 40 37 10
39 41 29 4
39 86 43 4
39 106 9 3
39 148 13 1
39 156 36 5
39 212 26 10
39 226 47 1
40 41 33 3
40 83 4 3
40 109 8 10
40 147 28 4
40 151 14 10
40 187 31 5
40 215 5 1
41 82 25 6
41 85 15 6
41 143 47 4
41 145 33 5
41 182 49 6
41 200 10 6
42 43 25 3
42 115 4 4
42 117 11 7
42 129 35 9
42 169 7 8
42 185 10 7
42 225 7 3
43 99 16 4
43 105 20 8
43 129 47 4
43 151 47 3
43 200 11 2
43 225 22 9
44 45 37 1
44 46 48 9
44 47 2 10
44 48 4 2
44 58 46 6
44 89 2 1
44 114 29 1
44 156 39 8
44 164 7 4
44 184 20 3
44 200 45 10
45 46 25 7
45 47 21 8
45 48 16 7
45 101 25 2
45 107 28 1
45 128 43 9
45 166 14 10
45 186 21 8
45 217 35 6
46 47 29 8
46 48 1 6
46 91 44 1
46 109 46 7
46 147 7 5
46 163 23 7
46 187 50 4
46 214 41 10
47 48 32 8
47 52 13 4
47 89 38 9
47 124 23 4
47 130 43 6
47 140 10 8
47 186 23 2
47 188 15 2
48 61 5 1
48 87 16 7
48 88 35 10
48 159 28 2
48 171 30 5
48 187 17 3
48 213 50 7
49 50 9 8
49 51 35 6
49 95 1 7
49 104 16 10
49 131 23 8
49 149 29 5
49 187 16 4
49 196 1 8
50 51 32 1
50 95 39 8
50 102 49 2
50 158 32 3
50 168 5 10
50 208 22 7
50 211 17 4
51 91 36 6
51 111 42 3
51 138 5 1
51 146 46 7
51 190 42 6
51 210 28 9
52 53 19 3
52 64 21 9
52 102 28 5
52 117 32 9
52 134 9 6
52 174 20 7
52 198 30 9
52 225 27 6
53 78 8 7
53 94 15 5
53 165 10 10
53 177 48 2
53 184 31 3
53 190 24 7
54 55 25 2
54 56 14 8
54 88 33 3
54 127 24 9
54 157 37 8
54 167 28 7
54 208 40 3
54 215 6 6
55 56 48 1
55 89 1 6
55 122 50 4
55 139 37 6
55 163 46 1
55 216 30 8
55 221 47 3
56 64 25 4
56 78 25 3
56 80 47 1
56 162 3 3
56 163 9 10
56 204 16 2
56 206 24 3
57 58 18 2
57 93 14 1
57 108 10 8
57 141 23 9
57 154 17 10
57 190 9 3
57 194 47 5
58 72 17 6
58 82 11 2
58 112 35 5
58 129 34 8
58 175 28 1
58 194 31 8
58 211 21 9
59 60 38 2
59 61 20 10
59 88 9 5
59 111 7 1
59 133 42 4
59 171 42 9
59 186 5 6
59 207 32 5
60 61 19 1
60 94 18 3
60 122 8 7
60 140 28 6
60 166 48 7
60 213 19 10
60 227 14 8
61 95 7 5
61 103 14 5
61 157 8 4
61 171 3 7
61 208 17 6
61 224 44 2
62 63 2 6
62 64 38 6
62 65 49 2
62 94 3 3
62 111 40 10
62 131 13 8
62 154 22 5
62 179 2 8
62 191 27 8
63 64 6 9
63 65 40 3
63 91 10 3
63 101 16 5
63 141 41 7
63 157 29 8
63 197 35 2
63 216 18 9
64 65 32 10
64 102 40 6
64 107 41 6
64 148 29 1
64 160 42 4
64 195 21 1
64 218 33 10
65 94 2 5
65 127 3 2
65 150 3 1
65 158 16 4
65 179 5 1
65 190 20 3
66 67 44 4
66 68 23 6
66 108 12 3
66 112 30 2
66 128 3 3
66 159 13 7
66 222 28 1
66 225 31 1
67 68 37 10
67 102 44 9
67 115 18 7
67 140 46 8
67 160 12 10
67 183 18 1
67 215 28 8
68 72 21 2
68 118 1 3
68 126 13 7
68 133 19 9
68 145 25 5
68 186 19 7
68 205 28 7
69 70 23 1
69 71 25 1
69 114 5 4
69 115 40 6
69 135 32 8
69 161 36 6
69 194 40 7
69 215 9 8
70 71 48 1
70 90 30 4
70 100 40 10
70 152 15 3
70 160 27 6
70 205 45 6
70 214 49 5
71 85 2 5
71 116 2 8
71 132 39 3
71 140 13 2
71 193 44 2
71 206 1 8
72 73 19 3
72 74 4 1
72 75 35 9
72 76 46 10
72 80 33 5
72 118 32 9
72 147 22 2
72 152 48 9
72 204 18 10
72 206 23 4
73 74 49 5
73 75 38 1
73 76 29 5
73 80 4 10
73 89 19 1
73 155 41 4
73 168 30 2
73 182 32 6
73 220 19 7
74 75 22 8
74 76 16 7
74 85 44 5
74 90 35 7
74 157 1 8
74 176 2 1
74 179 26 7
74 221 4 2
75 76 50 7
75 95 13 6
75 122 47 2
75 140 46 7
75 149 21 1
75 195 45 5
75 227 4 7
76 95 26 10
76 103 24 6
76 144 35 4
76 158 33 1
76 185 30 1
76 214 42 5
77 94 13 4
77 117 32 8
77 131 41 5
77 167 37 2
77 179 27 4
77 209 32 7
78 79 16 2
78 80 17 2
78 81 31 10
78 82 5 1
78 84 19 3
78 88 6 1
78 104 24 10
78 129 3 10
78 155 43 10
78 185 30 10
78 206 12 8
79 80 2 2
79 81 12 5
79 82 17 3
79 84 46 5
79 87 38 1
79 94 42 9
79 142 35 9
79 143 1 7
79 197 4 10
79 213 30 9
80 81 36 2
80 82 24 7
80 89 12 7
80 113 47 4
80 132 47 3
80 165 14 8
80 205 38 10
80 225 39 4
81 82 13 2
81 92 8 8
81 95 11 5
81 98 11 1
81 103 35 4
81 105 18 3
81 109 19 1
81 115 39 3
81 118 34 8
81 119 22 3
81 126 22 8
81 156 26 8
81 167 27 1
81 209 17 8
81 224 16 9
82 94 17 5
82 110 47 3
82 114 16 9
82 116 17 4
82 117 15 4
82 123 20 2
82 125 31 2
82 137 7 6
82 152 40 6
82 199 48 2
82 206 10 5
83 84 9 7
83 85 9 7
83 136 17 2
83 148 18 7
83 202 41 6
83 223 44 10
84 85 17 10
84 143 45 4
84 163 19 6
84 183 20 1
84 184 9 1
85 97 47 4
85 130 22 4
85 161 9 2
85 205 39 1
85 220 5 10
86 87 46 10
86 88 33 4
86 90 22 3
86 138 49 7
86 177 18 5
86 185 24 8
86 189 48 3
87 88 49 10
87 139 38 3
87 170 47 10
87 181 43 9
87 196 20 5
88 135 20 10
88 153 15 3
88 214 8 1
88 220 1 3
89 90 12 8
89 91 9 6
89 148 9 2
89 175 28 10
89 187 8 8
89 211 18 5
90 91 29 7
90 162 41 7
90 175 13 7
90 202 35 7
90 209 44 9
91 139 20 6
91 148 1 8
91 187 10 5
91 217 28 3
92 93 45 3
92 94 49 7
92 146 1 6
92 167 31 8
92 179 48 10
92 216 12 3
93 94 44 2
93 130 6 2
93 132 32 10
93 191 25 8
93 192 41 8
94 129 5 6
94 147 17 10
94 181 8 9
94 224 43 1
95 96 16 6
95 97 47 10
95 141 44 7
95 156 21 2
95 187 25 10
95 200 1 9
96 97 15 5
96 108 34 4
96 159 5 8
96 176 11 3
96 184 35 10
96 224 3 3
97 136 1 2
97 171 35 2
97 187 21 3
97 208 50 10
98 99 46 1
98 100 7 4
98 101 46 4
98 102 1 6
98 143 37 3
98 168 39 4
98 184 37 5
98 205 24 7
99 100 22 1
99 101 19 7
99 102 44 4
99 132 19 6
99 172 9 6
99 189 49 1
99 223 23 10
100 101 48 6
100 102 48 1
100 129 37 7
100 133 19 1
100 215 6 7
100 225 11 5
101 102 22 9
101 161 39 7
101 177 5 6
101 186 48 8
101 227 40 6
102 130 27 6
102 176 42 1
102 179 12 4
102 187 49 3
103 104 40 3
103 132 34 1
103 138 31 5
103 207 50 2
103 215 26 8
104 117 40 8
104 132 11 9
104 171 1 2
104 207 39 4
104 225 19 3
105 106 37 5
105 107 37 2
105 108 31 1
105 158 5 6
105 176 46 4
105 198 24 8
105 223 8 10
106 107 17 4
106 108 31 8
106 146 38 2
106 161 22 5
106 212 8 4
106 225 28 4
107 108 1 3
107 168 3 1
107 172 31 10
107 199 24 5
107 204 16 10
108 140 6 9
108 160 24 5
108 180 3 9
108 202 39 8
109 131 11 8
109 139 42 4
109 180 49 6
109 221 38 5
110 111 40 8
110 112 39 4
110 113 33 1
110 165 39 6
110 174 2 2
110 188 13 1
110 227 11 4
111 112 41 9
111 113 6 2
111 158 22 3
111 162 27 10
111 184 35 2
111 206 5 6
112 113 39 1
112 168 21 10
112 176 43 4
112 180 45 4
112 194 17 6
113 131 28 8
113 143 14 10
113 180 41 2
113 197 45 6
114 115 19 9
114 137 6 5
114 175 6 5
114 179 3 9
114 214 22 1
115 165 45 3
115 174 16 9
115 191 5 9
115 200 35 5
116 136 27 3
116 150 25 7
116 215 19 10
116 226 34 2
117 118 7 3
117 119 4 10
117 120 21 8
117 121 35 7
117 122 40 5
117 128 18 2
117 144 3 5
117 181 35 2
117 195 48 7
118 119 44 8
118 120 28 5
118 121 49 2
118 122 50 9
118 135 40 9
118 169 22 7
118 181 37 9
118 190 40 7
119 120 16 7
119 121 11 6
119 122 38 4
119 135 48 9
119 153 46 4
119 198 45 1
119 199 2 2
120 121 26 5
120 122 24 5
120 141 44 5
120 154 5 6
120 191 1 3
120 201 36 9
121 122 22 10
121 133 42 10
121 159 3 5
121 203 26 6
121 225 25 2
122 134 15 1
122 163 32 7
122 187 9 6
122 201 40 7
123 124 25 1
123 148 6 8
123 170 18 2
123 199 50 8
123 212 29 8
124 149 44 9
124 171 48 10
124 194 44 4
124 205 3 4
125 126 36 3
125 127 10 9
125 138 48 5
125 154 41 1
125 188 29 9
125 222 4 6
126 127 36 5
126 152 22 6
126 156 18 8
126 181 12 10
126 215 19 8
127 135 33 10
127 145 39 10
127 193 15 10
127 215 32 8
128 129 20 7
128 130 6 7
128 131 30 3
128 132 50 9
128 133 14 4
128 134 1 10
128 136 37 10
128 142 14 3
128 175 7 7
128 195 49 1
128 222 41 10
129 130 29 7
129 131 1 9
129 132 17 10
129 136 22 6
129 138 28 8
129 148 4 6
129 149 10 9
129 153 40 9
129 156 44 5
129 187 24 3
129 201 6 5
130 131 33 5
130 132 3 1
130 140 8 4
130 158 15 6
130 169 15 3
130 172 5 8
130 173 4 10
130 187 14 5
130 211 32 7
131 132 40 2
131 156 39 1
131 160 15 7
131 162 2 1
131 165 17 6
131 171 42 5
131 173 29 4
131 194 27 2
131 197 26 10
132 133 16 9
132 167 4 4
132 177 48 7
132 195 15 3
132 214 28 6
133 196 42 5
133 227 8 10
134 135 16 1
134 219 26 6
134 227 37 8
135 199 7 4
135 201 35 3
136 137 49 2
136 138 20 10
136 139 37 1
136 186 29 4
136 189 49 4
137 138 16 2
137 139 47 9
137 190 50 7
137 220 24 5
138 139 23 7
138 207 33 9
138 214 16 10
139 206 39 8
139 221 46 10
140 141 6 9
140 142 7 2
140 143 41 10
140 144 16 2
140 189 37 7
140 198 45 10
141 142 10 5
141 143 36 1
141 144 16 6
141 194 7 6
141 220 5 5
142 143 18 7
142 144 33 7
142 148 39 9
142 162 25 10
142 203 42 3
142 227 23 4
143 144 40 2
143 185 25 6
143 191 20 2
144 169 46 3
144 186 19 8
144 224 10 5
145 146 1 2
145 147 17 8
145 148 20 8
145 192 46 5
145 213 16 3
146 147 45 9
146 148 25 2
146 182 14 4
146 209 13 7
147 148 1 1
147 190 23 2
147 219 6 3
148 209 40 7
148 221 11 1
149 150 48 7
149 151 2 2
149 152 1 3
149 162 6 9
149 208 20 7
149 227 4 7
150 151 23 9
150 152 11 3
150 183 4 2
150 197 25 7
151 152 7 6
151 182 38 9
151 199 5 10
152 181 49 1
152 190 41 6
153 154 8 2
153 155 2 2
153 178 38 9
153 194 26 4
154 155 16 6
154 201 44 1
154 223 31 2
155 208 44 9
155 214 21 2
156 213 3 6
156 215 31 4
157 158 6 5
157 159 24 4
157 188 30 3
157 191 35 5
158 159 10 10
158 180 25 3
158 221 2 3
159 191 12 8
159 201 23 4
160 178 28 2
160 213 32 4
161 162 20 9
161 163 22 6
161 182 2 8
161 222 36 10
162 163 25 1
162 213 26 10
162 219 24 1
163 182 10 7
163 223 39 9
164 165 1 6
164 166 20 4
164 167 8 3
164 168 31 7
164 169 43 10
164 185 10 5
164 208 28 6
165 166 13 3
165 167 29 10
165 168 7 5
165 169 10 7
165 198 35 6
165 223 2 3
166 167 4 9
166 168 5 5
166 169 26 10
166 210 33 8
166 217 18 8
167 168 12 10
167 169 45 4
167 211 3 3
167 224 3 1
168 169 2 5
168 178 10 5
168 226 26 5
169 182 42 10
169 190 34 9
170 171 19 8
170 213 26 3
170 223 43 9
171 218 22 7
171 221 46 1
172 173 48 5
172 174 14 9
172 205 47 10
172 221 39 7
173 174 7 1
173 190 43 8
173 197 4 7
174 189 40 10
174 224 46 5
175 176 34 8
175 177 3 3
175 180 30 4
175 195 22 1
176 177 27 10
176 201 10 4
176 202 33 10
177 189 28 6
177 204 44 1
178 179 5 5
178 180 40 10
178 181 31 3
178 182 27 9
178 185 26 10
178 187 1 5
178 190 27 1
178 192 20 3
178 204 15 7
179 180 25 6
179 181 1 6
179 182 26 9
179 187 33 2
179 195 5 5
179 196 22 4
179 201 28 4
179 213 48 1
179 221 19 2
179 225 25 5
180 181 25 3
180 182 50 5
180 197 19 3
180 205 41 9
180 206 19 2
181 182 22 7
181 191 43 5
181 210 36 1
181 215 49 6
181 225 17 8
182 189 27 1
182 201 46 6
182 218 8 5
182 222 26 1
182 225 40 9
182 227 7 5
183 184 7 6
183 185 5 1
184 185 44 2
186 187 3 8
186 188 50 9
187 188 17 9
189 190 36 6
189 197 38 3
191 192 42 10
191 193 50 10
191 194 32 9
192 193 30 7
192 194 1 9
193 194 4 9
196 197 10 2
196 198 36 6
196 199 44 6
197 198 6 1
197 199 48 10
197 223 34 9
198 199 39 1
199 207 14 4
200 201 39 4
200 202 21 8
200 203 5 7
201 202 24 8
201 203 9 7
202 203 1 9
204 205 5 1
204 224 21 8
206 207 34 2
206 208 42 1
206 209 27 10
207 208 47 3
207 209 18 6
208 209 8 4
209 217 30 8
210 211 38 3
210 212 9 3
210 213 36 6
211 212 8 7
211 213 16 7
212 213 4 6
214 215 21 4
216 217 46 1
216 218 29 9
216 219 31 6
216 220 39 4
217 218 15 8
217 219 32 8
217 220 7 9
218 219 49 6
218 220 49 7
219 220 38 1
221 222 46 10
223 224 44 3
223 225 14 1
223 226 30 10
224 225 31 3
224 226 41 7
225 226 35 5
  
0 8 40
1 11 13
2 22 28
3 3 45
4 17 11
5 19 26
6 16 15
7 13 13
8 5 18
9 25 15
10 7 10
11 24 23
12 63 57
13 33 10
14 34 32
15 35 28
16 69 25
17 41 99
18 76 82
19 45 27
20 51 21
21 125 28
22 109 14
23 100 64
24 99 47
25 107 22
26 104 55
27 111 28
28 88 32
29 113 50
30 148 22
31 154 16
32 166 22
33 150 31
34 176 20
35 143 70
36 140 52
37 156 20
38 165 31
39 221 24
40 222 15
41 200 36
42 185 22
43 215 46
44 191 40
45 193 49
46 216 63
47 212 8
