100 293 18

280
   
0 1 5 5
0 2 40 10
0 3 31 3
0 4 27 9
0 7 26 10
0 9 1 5
0 12 27 1
0 14 20 3
0 26 15 7
0 73 8 2
0 80 2 1
1 2 25 6
1 3 1 6
1 4 26 9
1 9 33 2
1 17 5 5
1 18 22 4
1 23 28 4
1 35 48 1
1 43 19 2
1 47 25 5
1 89 43 10
1 90 3 1
2 3 25 3
2 4 50 5
2 19 19 3
2 27 41 9
2 28 19 2
2 53 17 9
2 81 8 10
3 4 22 7
3 13 43 5
3 32 36 1
3 37 49 6
3 47 17 8
3 93 39 3
3 94 13 2
4 11 27 1
4 23 46 6
4 40 8 5
4 44 26 1
4 47 40 9
4 49 7 5
4 69 32 4
4 95 37 4
5 6 7 6
5 7 5 1
5 71 44 6
5 90 48 2
6 7 44 2
6 64 15 6
6 65 34 3
7 59 8 6
7 62 12 5
8 9 3 8
8 10 50 9
8 72 4 2
8 96 34 5
9 10 17 9
9 67 32 3
9 94 38 10
10 61 32 10
10 71 20 9
11 12 36 6
11 19 38 3
11 60 7 6
11 87 44 5
12 58 11 5
12 79 15 4
13 14 42 10
13 15 50 10
13 16 32 9
13 55 10 3
13 77 28 4
14 15 30 7
14 16 1 9
14 63 26 8
14 72 49 1
15 16 4 9
15 56 13 9
15 86 10 4
16 82 49 4
16 95 22 3
17 73 6 9
17 79 21 2
18 19 10 2
18 20 36 6
18 21 44 6
18 62 22 2
18 86 39 9
19 20 6 1
19 21 48 10
19 45 34 9
19 84 24 3
19 93 1 5
20 21 39 1
20 75 4 10
20 97 3 7
21 29 14 4
21 55 33 2
21 83 14 8
22 23 39 4
22 24 21 8
22 25 5 7
22 62 22 7
22 73 43 1
23 24 24 8
23 25 9 7
23 56 26 9
23 83 19 7
24 25 1 9
24 77 27 7
24 86 10 3
25 70 17 4
25 95 15 6
26 27 5 1
26 46 21 8
26 78 46 3
26 80 10 8
27 76 40 4
27 78 45 1
28 29 34 2
28 30 42 1
28 31 27 10
28 59 38 8
28 62 21 9
29 30 47 3
29 31 18 6
29 57 3 10
29 75 18 7
30 31 8 4
30 54 37 1
30 96 36 7
31 39 30 8
31 70 9 8
31 76 49 6
32 33 38 3
32 34 9 3
32 35 36 6
32 69 10 8
32 95 39 5
33 34 8 7
33 35 16 7
33 51 15 1
33 66 1 2
34 35 4 6
34 62 18 5
34 74 17 3
35 75 10 9
35 96 47 5
36 37 21 4
36 62 17 5
36 80 2 1
37 50 48 4
37 79 25 5
38 39 46 1
38 40 29 9
38 41 31 6
38 42 39 4
38 62 43 10
38 84 31 7
39 40 15 8
39 41 32 8
39 42 7 9
39 59 44 1
39 91 22 7
40 41 49 6
40 42 49 7
40 64 9 7
40 81 28 3
41 42 38 1
41 57 30 8
41 72 30 10
42 89 39 4
42 99 30 2
43 44 46 10
43 53 15 7
43 63 34 5
44 71 13 1
44 77 26 1
45 46 44 3
45 47 14 1
45 48 30 10
45 50 35 1
45 63 21 3
46 47 31 3
46 48 41 7
46 53 38 2
46 82 18 4
47 48 35 5
47 71 9 5
47 83 16 1
48 79 19 10
48 93 50 1
49 65 35 7
49 67 43 4
50 51 16 2
50 52 17 2
50 53 31 10
50 54 5 1
50 56 19 3
50 60 6 1
50 76 24 10
51 52 2 2
51 53 12 5
51 54 17 3
51 56 46 5
51 59 38 1
51 66 42 9
52 53 36 2
52 54 24 7
52 61 12 7
52 85 47 4
53 54 13 2
53 64 8 8
53 67 11 5
53 70 11 1
53 75 35 4
53 77 18 3
53 81 19 1
53 87 39 3
53 90 34 8
53 91 22 3
53 98 22 8
54 66 17 5
54 82 47 3
54 86 16 9
54 88 17 4
54 89 15 4
54 95 20 2
54 97 31 2
55 56 9 7
55 57 9 7
56 57 17 10
57 69 47 4
58 59 46 10
58 60 33 4
58 62 22 3
59 60 49 10
61 62 12 8
61 63 9 6
62 63 29 7
64 65 45 3
64 66 49 7
65 66 44 2
67 68 16 6
67 69 47 10
68 69 15 5
68 80 34 4
70 71 46 1
70 72 7 4
70 73 46 4
70 74 1 6
71 72 22 1
71 73 19 7
71 74 44 4
72 73 48 6
72 74 48 1
73 74 22 9
75 76 40 3
76 89 40 8
77 78 37 5
77 79 37 2
77 80 31 1
78 79 17 4
78 80 31 8
79 80 1 3
82 83 40 8
82 84 39 4
82 85 33 1
83 84 41 9
83 85 6 2
84 85 39 1
86 87 19 9
89 90 7 3
89 91 4 10
89 92 21 8
89 93 35 7
89 94 40 5
90 91 44 8
90 92 28 5
90 93 49 2
90 94 50 9
91 92 16 7
91 93 11 6
91 94 38 4
92 93 26 5
92 94 24 5
93 94 22 10
95 96 25 1
97 98 36 3
97 99 10 9
98 99 36 5
  
0 43 25
1 44 20
2 22 30
3 7 22
4 37 28
5 13 29
6 15 29
7 38 23
8 34 28
9 97 28
10 81 24
11 72 24
12 71 27
13 79 22
14 76 25
15 83 28
16 60 22
17 85 20
