
107420
25217
服务器数量：194
8,11,14,16,19,20,23,32,40,44,45,51,52,53,55,58,66,81,83,88,91,95,97,98,100,105,108,112,113,115,117,121,126,127,128,130,132,135,138,141,142,143,147,149,151,152,178,183,191,195,200,205,206,210,218,224,232,238,239,240,245,248,250,253,258,259,269,273,287,293,294,298,302,303,304,306,308,312,316,320,326,336,337,338,342,344,345,349,361,366,375,378,380,388,389,401,403,404,408,414,417,424,430,434,436,440,442,444,447,449,465,470,472,476,477,481,483,492,494,502,503,504,506,512,513,519,532,542,544,561,575,579,580,586,588,593,594,600,604,605,608,618,620,622,625,627,630,631,632,637,642,644,647,649,658,660,661,662,664,665,675,684,685,686,687,692,695,700,707,710,717,720,728,735,736,739,748,751,754,755,757,759,760,761,765,767,769,773,775,776,780,784,788,798,


路径数量：
644

8 14 73
11 18 730 139 36
11 17 15 102 115 19
11 345 89
14 275 244
14 166 226 228 218 7
16 216 245
16 464 462 178 4
19 6 68 33 7
19 273 101
19 659 149 24
20 11 66
23 22 141 22
23 796 226 44
23 356 60
23 164 161 189 99 89 9
23 164 167 233 336 11
23 164 220 180 21
23 164 364 50 1
23 554 39 110 5
32 30 111 17
32 339 87
40 42 122 43
40 226 228 218 12
40 43 157 17
40 198 121
44 41 43 157 8
44 42 122 14
44 107 139
45 43 157 48
45 322 226
45 455 451 484 208 25
45 455 453 496 123 4
45 455 459 683 251 168 2
45 455 459 549 709 177 4
45 455 459 538 105 3
51 49 772 771 214 3
51 49 50 175 3
51 50 175 9
51 199 120
51 384 0 10 284 5
51 384 69 68 33 10
51 384 69 324 2
52 186 97
52 634 231 22
52 756 325 323 293 4
53 13 44
53 393 395 220 180 16
55 54 160 17
55 145 55
55 526 204 33
58 56 5 54 160 5
58 56 259 41
58 297 160
58 243 88 46
58 613 35 269 19
66 64 65 193 5
66 65 193 2
66 130 40
81 80 270 32
81 82 239 35
81 26 59
81 217 276 143 9
83 129 94
83 85 1 4
83 766 286 21
88 71 310 171 302 2
88 71 99 89 5
88 71 552 583 220 180 8
88 71 552 566 91 4
88 319 276 8
88 318 94
88 261 409 249 17
88 261 276 143 13
91 1 583 220 180 4
91 71 552 566 91 6
91 187 82
95 93 636 331 5
95 310 171 302 14
95 310 488 210 2
95 332 74
95 96 166 2
97 220 42
97 99 89 21
97 682 348 32
97 171 302 33
98 623 349 7
98 341 41
98 607 18 12
100 4 582 343 46
100 101 248 2
100 44 114
100 615 571 232 4
105 73 242 4 16
105 104 73 34
105 311 68 32
105 246 155
105 554 39 110 7
105 743 771 214 3
108 107 288 14
108 305 132
112 281 67
113 114 58 29
113 713 715 80 1
113 713 439 353 16
113 713 185 165 20
113 120 119
113 740 450 460 61 11
113 740 86 48 38 212 4
113 740 463 462 178 11
113 740 743 771 214 3
113 740 743 747 251 5
115 116 153 30
115 183 52
117 79 93
117 774 253 18
117 789 90 15
121 329 275
121 674 268 267 369 191 1
121 674 268 333 320 20
121 182 184 420 326 6
126 124 189 1
126 771 214 30
126 109 129
126 364 50 25
127 124 189 13
127 310 118
127 324 323 293 12
127 732 59 18
128 124 189 43
128 125 62 40
128 215 176
128 409 249 1
130 131 184 44
130 334 130
130 482 39 47
132 131 184 14
132 501 420 326 9
132 63 55
132 792 794 201 16
135 247 102
135 290 292 203 20
135 368 81 8
138 8 60
138 172 173 263 5
141 146 225 31
141 185 82
142 359 77
142 606 114 58 2
143 171 88
143 479 399 182 9
143 479 747 251 20
143 144 146 225 1
143 144 103 18
143 145 250 18
143 146 225 8
147 144 103 7
147 145 250 6
147 146 225 18
147 146 678 337 1
147 69 75
149 155 22
151 230 128
151 163 162 169 251 168 12
151 163 209 301 18
151 163 243 88 7
151 163 680 678 337 5
151 163 680 681 678 337 2
152 117 73
178 266 132
183 78 76 74 202 309 1
183 78 714 682 348 11
183 182 184 420 326 1
183 182 185 165 12
183 185 165 12
183 636 331 25
183 9 149
183 184 420 326 12
183 279 277 280 41 19
183 279 280 41 28
191 189 99 89 21
191 319 70
195 197 317 30
195 185 165 16
195 7 122
200 82 100
200 343 112 11
205 204 132 46
205 48 103
205 207 86 11
206 203 207 86 3
206 204 132 29
206 204 469 311 10
206 126 98
206 207 86 23
206 779 781 244 18
210 209 301 10
210 289 103
210 299 169 29
218 344 56
224 45 99
232 230 148 21
232 231 206 10
232 634 231 43
232 224 169
238 235 6 68 33 2
238 235 496 123 26
238 235 315 327 2 6
238 235 315 318 352 4
238 127 61
238 540 235 10
238 249 94 24
239 133 104
240 159 55 37
240 103 68 33 6
240 84 95
245 262 115
245 582 343 21
245 591 592 229 1
248 98 116
248 460 61 18
248 278 279 280 41 11
248 249 94 14
250 120 60 24
250 194 74
250 554 39 110 3
253 252 228 33
253 309 255 42
253 121 118
258 74 202 309 2
258 20 179
259 256 151 18
259 25 87
269 17 124
269 387 338 21
269 422 420 326 12
269 721 304 19
273 274 257 10
273 237 54
287 778 781 244 4
287 67 167
287 353 439 353 9
287 353 251 168 3
287 611 614 656 654 140 2
287 611 614 656 655 277 14
287 611 521 522 116 7
287 611 521 97 9
287 747 251 2
293 125 62 4
293 296 176 15
293 295 347 8
293 223 52
294 296 176 5
294 295 347 18
294 291 69
294 584 287 11
298 297 300 4
298 12 37
298 607 18 4
302 340 131
303 305 277 280 41 2
303 10 61
303 539 541 540 235 14
304 104 108
304 431 358 35
304 305 39 110 24
306 119 53
306 309 255 11
306 307 306 2
308 264 261 276 143 4
308 264 515 24 21
308 264 311 68 3
308 307 306 23
308 87 58
312 310 488 210 2
312 311 68 1
312 131 142
316 318 352 3
316 47 109
316 488 210 3
320 168 214 220 180 4
320 168 242 4 25
320 303 76
320 104 73 29
320 454 68 33 10
326 139 93 22
326 312 104
326 327 2 6
336 96 166 27
336 85 123
336 358 154 251 168 27
336 358 421 420 326 4
337 339 0 47
337 340 522 116 11
337 340 482 39 4
337 217 149
337 456 425 162 11
337 697 161 7
338 339 0 4
338 64 96
338 227 228 218 6
342 195 28
344 343 112 35
344 125 74
344 120 60 40
344 691 703 74 31
344 795 448 77 7
345 37 65 27
345 37 38 212 10
345 268 333 320 11
345 376 128 50
345 32 83
349 346 313 33
349 347 314 318 352 5
349 258 163
361 350 131 184 8
361 360 362 23 2
361 330 49
361 362 23 3
361 698 362 23 1
366 368 81 30
366 78 85
366 690 184 420 326 10
366 690 521 97 33
375 376 128 5
375 40 113
378 377 307 2
378 379 659 149 14
378 192 112
380 377 307 45
380 379 659 149 13
380 228 218 30
380 252 154
380 7 4 582 343 2
380 7 4 171 302 13
388 387 338 4
388 294 65
388 745 69 324 6
388 745 67 65 193 1
389 347 314 318 352 7
389 347 346 313 9
389 76 72
401 399 182 24
401 402 399 182 8
401 402 584 287 2
401 36 84
401 550 560 354 12
401 550 488 210 3
403 342 78
403 559 558 142 7
404 134 122
408 207 49
408 242 4 6
414 30 50
417 416 298 38
417 274 82
424 425 162 5
424 426 425 162 13
424 233 142
430 324 323 293 22
430 333 66
430 431 358 22
434 283 71
434 435 167 25
436 188 84
436 656 655 277 11
440 439 353 28
440 323 48
440 34 592 229 27
440 34 35 269 18
442 29 105
442 459 538 105 1
444 231 206 18
444 445 443 167 233 336 4
444 308 101
447 85 1 44
447 448 77 10
447 219 176
449 260 165
449 745 67 65 193 19
465 462 178 30
465 254 154
465 22 141 12
465 9 635 101 248 7
470 72 74 202 309 8
470 72 101 248 8
470 328 75
472 46 75
476 468 469 311 10
476 473 276 143 5
476 473 238 5
476 474 473 238 4
476 474 475 69 324 19
476 71 95
476 742 741 636 331 5
476 742 559 558 142 10
476 742 57 203 207 86 3
476 742 439 353 14
477 292 203 28
477 473 238 26
477 475 69 324 12
477 35 49
477 119 114 13
477 729 236 5
481 267 44
481 482 39 7
481 482 771 214 1
483 480 469 311 12
483 482 771 214 6
483 264 102
492 490 346 313 7
492 292 110
494 495 295 17
494 159 25
502 72 123
502 313 80 270 8
502 376 128 17
503 175 227 228 218 1
503 213 97
503 56 259 4
504 100 106
504 578 50 175 12
506 359 352 82 239 8
506 359 356 691 706 70 12
506 359 617 614 656 655 277 2
506 359 617 525 297 300 6
506 102 89
506 369 191 28
512 364 50 8
512 364 704 703 74 16
512 511 280 40
512 327 125
513 511 280 35
513 515 24 35
513 5 83
519 517 516 518 181 6
519 517 521 97 9
519 518 181 9
519 156 152
532 458 597 196 5
532 234 74
542 92 101
542 547 113 30
544 548 547 113 12
544 27 68
544 545 202 309 19
544 545 543 547 113 4
544 545 543 548 547 113 7
561 560 354 35
561 75 146
575 553 583 220 180 1
575 553 571 232 7
575 553 570 568 53 23
575 577 150 22
575 271 43
579 66 139
579 791 794 201 26
580 99 94
586 554 39 110 6
586 554 592 229 6
586 554 211 315 14
586 554 462 178 10
586 138 51
588 587 209 38
588 538 105 3
588 590 101 248 16
588 261 74
593 597 196 7
593 596 95 12
593 22 79
594 597 196 14
594 596 95 20
594 190 48
600 351 31
600 601 243 25
604 278 96
605 416 298 4
605 43 53
608 607 18 6
608 222 113
618 77 781 244 5
618 610 626 131 184 11
618 610 626 785 792 794 201 5
618 610 679 678 337 9
618 173 135
620 619 16 48
620 316 166
620 623 349 23
620 621 96 32
622 621 96 18
622 623 349 30
622 299 123
625 82 239 32
625 139 93 20
625 624 268 10
625 158 93
627 75 74 202 309 4
627 75 488 210 4
627 146 76
627 629 584 287 6
630 15 92
631 680 681 678 337 2
631 265 113
632 614 656 655 277 1
632 118 140
637 346 112
642 241 51 30
642 241 566 91 7
642 355 76
642 786 789 90 3
644 643 124 30
644 3 51
647 646 296 9
647 163 55
649 650 52 24
649 211 52
658 657 172 6
658 147 75
658 638 37 32
660 659 149 1
660 252 228 19
660 221 110
660 80 270 8
661 29 357 32
661 240 150
662 96 166 7
662 136 48
662 315 318 352 25
662 560 354 23
664 256 151 18
664 552 566 91 16
664 197 82
664 744 597 196 30
665 557 205 16
665 484 208 18
665 38 131
675 670 266 609 607 18 2
675 670 266 609 274 257 9
675 49 97
684 60 84 85 1 13
684 227 62
685 207 86 14
685 200 89
686 164 157
686 638 37 48
687 134 550 488 210 20
687 350 80
687 689 144 26
692 267 369 191 1
692 268 333 320 10
692 722 279 23
692 714 715 80 29
692 714 716 290 17
692 693 729 236 21
692 346 313 23
692 709 177 5
695 697 161 34
695 335 52
700 267 369 191 7
700 698 362 23 8
700 83 122
700 730 139 13
707 28 26 29 357 3
707 28 29 357 2
707 28 425 162 28
707 708 6 17
707 154 115
710 319 276 26
710 319 752 314 13
710 539 541 540 235 11
710 709 177 1
710 19 190
710 711 709 177 8
710 368 81 30
717 2 29 357 9
717 2 569 54 160 5
717 713 185 165 12
717 714 716 290 2
717 715 80 2
717 715 716 290 1
717 716 290 1
717 137 78
717 577 150 6
717 793 792 794 201 1
720 719 558 142 15
720 719 558 560 354 4
720 152 37
720 721 304 16
720 778 781 244 4
728 34 60
735 256 110
735 743 747 251 10
736 104 73 20
736 42 131
739 174 58
748 31 61
751 352 82 239 3
751 571 232 16
751 28 80
754 54 202
755 621 96 15
755 741 636 331 16
755 741 764 272 1
755 57 69
757 261 276 143 4
757 135 87
759 557 205 19
759 106 75
759 478 679 678 337 7
760 85 1 10
760 321 80
761 170 59
765 764 272 8
765 285 18
765 766 286 7
767 295 347 3
767 527 526 204 22
767 612 633 715 716 290 1
767 179 110
767 768 543 548 547 113 1
769 46 48 38 212 4
769 46 325 11
769 46 484 208 2
769 295 347 4
769 21 74
773 101 168
773 114 58 9
773 592 229 31
775 611 521 97 19
775 774 253 41
775 282 114
776 333 320 12
776 241 101
780 242 91
784 108 64
784 654 140 25
788 786 789 90 18
788 787 786 789 90 17
788 202 87
788 789 90 8
798 533 534 245 40
798 795 448 77 2
798 584 287 38
798 56 83
