
103778
23491
·þÎñÆ÷£º174¸ö
7,14,17,19,25,26,29,32,35,43,44,59,70,74,82,84,89,93,96,101,111,120,124,126,129,133,137,138,147,161,164,166,167,170,175,178,184,186,187,194,195,198,200,203,205,218,223,227,234,238,242,252,254,259,263,267,268,270,271,275,277,278,281,287,288,297,301,308,320,321,326,328,331,333,334,335,336,338,346,349,363,370,375,381,383,385,387,397,400,402,409,413,415,416,423,426,438,459,462,463,464,474,475,482,488,489,496,497,500,503,505,506,507,520,525,529,537,538,541,542,548,552,557,565,570,575,576,584,587,592,594,625,632,634,638,641,643,646,651,652,660,663,668,670,671,675,677,679,685,687,695,711,718,719,724,731,739,741,742,745,751,753,755,756,760,765,767,770,774,778,784,791,795,797,

658

7 5 10 188 31
7 636 23 23
7 159 64
14 16 247 10
14 73 155
14 145 251 456 457 54 3
14 145 716 319 42 195 6
14 145 716 319 318 20 4
14 145 716 714 111 15
17 3 340 528 139 13
17 16 247 6
17 176 163
17 235 233 76 19
17 18 20 16 247 15
17 20 16 247 25
17 396 394 165 4
17 518 568 145 6
19 16 247 3
19 74 86
25 180 72
25 298 296 136 4
26 28 183 9
26 115 51
26 424 232 37
29 9 63
32 264 75
32 189 253 15
32 355 414 6 4
32 355 578 69 7
35 34 481 131 11
35 119 96
35 128 144 33
43 4 432 62 10
43 41 134 211 27
43 41 42 195 9
43 41 567 563 283 8
43 659 107 88 11
43 659 599 271 1
43 659 661 46 3
43 354 178
43 672 254 42
43 292 313 334 29
43 292 581 580 280 19
43 352 554 131 182 3
43 352 554 553 94 9
43 352 554 172 13
43 352 578 69 15
44 154 38
44 46 55 22
44 480 266 6
59 62 411 208 22
59 62 63 263 1
59 2 128
59 63 263 5
59 98 255 22
70 126 73
70 290 433 260 20
70 290 710 311 4
70 290 294 327 348 1
74 71 73 72 113 6
74 71 72 113 8
74 72 113 21
74 73 335 40
74 630 40 164 31
74 206 97
82 81 312 35
82 780 237 45
82 301 123
82 174 141 47
82 151 26 14
84 46 55 11
84 227 49
84 86 277 20
84 213 210 228 83 10
89 87 181 28
89 91 87 181 2
89 91 88 134 22
89 91 90 88 134 5
89 90 88 134 24
89 314 132
89 754 615 684 99 7
93 50 98 255 3
93 50 69 204 26
93 52 95 5 19
93 294 72
93 310 128 36
96 95 5 21
96 624 102 26
96 230 38
96 607 609 207 26
101 75 50 19
101 103 38 28
101 347 40
101 102 350 45
101 243 82 40
111 110 78 23
111 4 63
111 112 110 78 8
111 112 58 22
111 113 317 33
111 701 448 127 19
120 119 121 291 14
120 349 65
124 122 10 39
124 75 162
124 771 17 26
124 440 636 23 1
124 440 448 127 7
126 31 79 48
126 127 60 39
126 110 68
129 128 144 2
129 12 34 19
129 47 73
129 758 640 41 7
133 58 131 182 3
133 332 55
137 135 104 26
137 177 88
137 626 147 11
138 135 104 47
138 109 157 10
138 42 114
147 355 70
147 551 223 10
161 141 155 154 71 6
161 141 155 240 13
161 141 152 222 25
161 141 146 757 245 5
161 336 59
161 644 28 36
164 0 97
164 243 82 8
164 619 110 78 3
166 162 435 342 25
166 95 5 1
166 193 123
166 702 709 776 116 51 3
167 201 135
167 612 617 556 321 12
167 612 676 53 34
170 168 135 22
170 699 698 287 9
170 132 35
170 171 168 135 11
170 230 45 4
170 499 302 11
175 116 60
175 176 285 16
178 289 140
178 179 96 43
184 185 120 4
184 107 51
186 33 94
186 188 87 4
186 31 79 4
187 526 528 139 16
187 188 87 19
187 304 113
187 189 253 47
194 146 128
194 599 271 16
195 144 16 247 5
195 144 189 253 1
195 144 34 481 131 3
195 197 196 7 28
195 197 551 223 7
195 235 31
198 64 63 263 1
198 152 94
200 27 63
203 98 255 24
203 16 110
205 251 106
205 299 664 108 37
218 324 52
223 209 208 48 1
223 226 189 3
223 103 53
223 394 165 8
227 224 226 189 10
227 226 189 32
227 70 54
234 450 329 21
234 235 233 76 13
234 235 642 174 7
234 272 84
234 444 473 59 4
238 237 121 17
238 239 433 260 14
238 205 93
238 492 494 295 4
238 315 327 348 4
238 315 617 556 321 1
238 610 294 327 348 15
238 610 132 131 182 4
238 610 626 147 13
242 241 219 15
242 243 82 4
242 233 166
242 244 566 563 283 18
242 244 582 580 280 17
242 244 582 248 123 7
252 241 219 38
252 248 123 39
252 19 94
254 175 63
254 256 511 773 8 5
254 159 89 45
254 684 99 36
259 231 51
263 212 51 73 335 3
263 212 247 245 114 6
263 212 214 144 34 481 131 3
263 13 126
263 264 35 29
263 386 63 8
267 359 77
267 481 131 21
267 629 293 36
268 216 272 239 4
268 266 306 38
268 339 60
268 609 207 5
270 146 757 245 15
270 220 219 729 728 261 7
270 269 80 12
270 226 100
270 469 320 15
271 269 80 46
271 305 306 58 131 182 26
271 356 92
271 440 448 127 13
271 440 616 158 137 10
271 440 443 498 499 302 5
275 237 121 33
275 237 568 145 5
275 272 239 46
275 149 63
277 270 31
278 58 131 182 2
278 217 216 272 239 2
278 217 248 123 4
278 217 697 69 204 12
278 29 99
281 279 105 41
281 280 241 9
281 282 344 12
281 648 644 28 7
281 30 113
287 286 40 14
287 14 65
288 286 40 30
288 333 93
288 289 286 40 28
288 515 562 258 12
297 296 136 12
297 250 52
301 95 92
301 304 103 38 20
301 304 430 428 210 7
301 642 174 23
308 292 581 580 280 15
308 331 107
308 310 128 28
308 311 103 38 16
320 318 20 49
320 292 72
320 446 443 498 499 302 15
320 446 86 277 2
321 318 20 1
321 179 111
326 294 327 348 11
326 323 262 35
326 326 69
326 396 269 42
326 421 353 228 83 3
326 421 419 179 96 5
326 421 419 606 112 58 12
328 330 298 37
328 329 163 2
328 635 636 23 15
328 52 81
331 45 672 254 3
331 329 163 48
331 330 298 19
331 259 82
333 776 116 51 24
333 300 42
333 799 278 29
334 283 285 432 62 2
334 303 84
335 295 342 57 1
335 194 86
335 377 297 30
336 330 298 16
336 341 114
336 340 528 139 1
336 341 340 528 139 8
338 337 144 34 481 131 1
338 337 144 190 279 33
338 337 340 528 139 8
338 230 45 14
338 187 97
338 249 248 123 5
346 342 57 8
346 344 342 57 27
346 554 172 13
346 242 74
346 347 549 93 1
349 323 96
349 595 25 1
363 103 38 20
363 361 310 25
363 508 763 138 15
363 21 55
363 710 311 4
370 364 257 1
370 366 364 257 5
370 366 129 24
370 366 368 364 257 2
370 367 364 257 4
370 368 364 257 1
370 369 364 257 14
370 369 368 364 257 11
370 238 96
370 176 285 32
370 591 589 212 1
370 591 248 123 2
375 199 74
375 377 297 7
375 377 763 138 4
375 435 342 14
375 705 28 183 2
381 720 721 276 23
381 215 69
381 559 705 28 183 5
383 0 451 160 36
383 0 368 364 257 2
383 384 97 1
383 386 63 12
383 274 187
383 510 626 147 9
385 53 58 131 182 8
385 53 511 773 8 22
385 384 97 25
385 319 56
385 386 63 19
387 16 556 321 2
387 386 63 8
387 192 84
397 66 118
400 352 578 69 2
400 358 91
400 79 109 11
400 470 469 320 19
402 211 233 76 8
402 203 99
402 692 267 11
409 407 245 114 4
409 408 234 34
409 411 208 11
409 125 82
413 130 123
413 414 6 31
415 414 6 11
415 605 609 207 5
415 92 106
416 414 6 12
416 417 115 116 51 4
416 353 103
416 721 276 5
423 220 161
423 424 232 14
423 424 730 15 11
423 312 86 277 37
423 395 394 165 2
423 395 186 40
426 389 293 780 237 2
426 389 293 317 191 61 4
426 427 142 3
426 124 92
438 437 218 22
438 167 129
438 439 435 342 5
438 439 437 218 2
459 678 340 14
459 327 68
459 708 569 236 16
459 708 508 763 138 3
462 184 68
463 291 294 327 348 4
463 467 437 218 15
463 100 124
463 465 466 213 11
463 465 467 437 218 2
463 466 213 27
464 207 3 14
464 466 213 46
464 221 135
464 531 15 208 48 8
474 444 473 59 19
474 444 491 90 2
474 275 108
474 598 600 599 271 11
474 598 600 290 12
474 759 150 18
475 350 359 43 10
475 350 15 208 48 4
475 350 127 60 21
475 357 90
475 536 109 157 1
482 483 484 487 56 6
482 722 197 9
482 484 487 56 34
482 486 629 293 2
482 487 56 3
482 77 163
488 108 107 88 4
488 108 318 24
488 108 109 157 19
488 286 45
488 491 90 24
489 315 57
489 491 90 40
496 495 11 11
496 436 435 342 1
496 18 77
497 84 55
497 631 208 48 13
500 499 302 4
500 248 118
500 578 69 24
503 188 87 41
503 499 302 33
503 501 155 240 7
503 252 168
505 554 172 28
505 32 145
506 229 45
506 494 295 37
506 735 473 59 2
506 735 243 24
507 653 305 49
507 117 115
520 523 599 271 27
520 328 163
520 125 122 10 2
520 521 522 148 13
520 522 148 31
525 524 337 5
525 307 127
525 62 63 263 18
525 759 150 22
529 512 458 457 54 5
529 266 306 16
529 345 165
529 654 151 39
529 692 267 33
537 214 144 190 279 6
537 214 144 190 191 61 2
537 214 230 45 11
537 316 56
538 133 66
541 36 70
542 546 241 219 9
542 202 131
542 549 93 16
542 40 164 23
542 706 176 285 15
542 706 627 228 8
548 12 34 50
548 546 241 219 28
548 546 545 549 93 8
548 95 5 19
548 549 93 36
548 338 147
552 550 268 16
552 551 223 30
552 49 90
557 556 321 20
557 72 135
557 759 150 42
565 178 58
565 757 245 27
570 569 236 30
570 225 65
575 445 453 454 39 1
575 574 122 22
575 91 86
576 516 511 773 8 4
576 516 518 568 145 13
576 516 411 208 3
576 573 574 122 31
576 574 122 9
576 574 698 287 19
576 209 127
576 577 200 13
584 313 138
584 618 185 120 28
587 583 396 269 11
587 282 59
592 589 212 19
592 191 78
592 773 8 14
594 517 512 458 457 54 9
594 593 427 142 12
594 156 61
594 595 25 28
625 86 57
632 118 121 291 26
632 118 453 454 39 8
632 353 228 83 11
632 353 654 151 22
632 629 293 14
632 112 70
634 11 12 34 11
634 346 87
638 140 142 775 44 6
638 140 142 344 342 57 6
638 140 134 211 12
638 351 72
641 640 41 24
641 642 174 24
641 64 176
643 640 41 47
643 642 174 8
643 162 93
646 56 701 448 127 2
646 56 672 254 4
646 644 28 4
646 645 644 28 2
646 216 123
651 37 42
652 653 305 15
652 653 655 656 224 3
652 653 656 224 4
652 656 224 2
652 190 43
660 81 165
660 662 27 98 23
660 662 661 46 10
660 662 579 330 2
660 661 46 16
663 661 46 31
663 299 119
668 31 79 8
668 300 714 111 16
668 666 480 266 8
668 666 480 481 131 13
668 198 65
670 169 69
670 729 728 261 8
671 83 214 8
671 673 39 775 44 1
671 455 458 457 54 3
671 455 457 54 31
671 455 280 241 7
671 672 254 30
671 171 86
671 661 46 11
675 357 428 210 12
675 85 85
675 85 86 277 8
677 54 55 117 473 59 3
677 441 452 1 25
677 676 53 16
677 678 340 15
677 22 46
679 322 63
679 151 26 28
685 67 65 246 288 6
685 67 134 211 3
685 686 12 41
685 118 52
687 684 99 16
687 158 63
695 617 556 321 33
695 143 54
711 243 82 31
711 710 311 35
711 281 80
711 712 284 22
711 23 50 69 204 5
711 23 50 51 73 335 14
718 717 65 7
718 246 92
719 717 65 39
719 166 76
724 722 197 3
724 723 722 197 4
724 273 70
724 725 722 197 7
724 725 63 263 28
731 735 243 11
731 309 141
739 738 173 1
739 68 146
741 738 173 30
741 31 92
742 102 350 18
742 514 518 568 145 1
742 514 515 562 258 1
742 514 515 568 145 8
742 514 516 411 208 7
742 514 553 94 25
742 703 549 93 19
742 738 173 26
742 256 155
745 185 101
745 316 740 764 217 17
751 616 158 137 4
751 343 150
753 265 70
755 757 245 9
755 24 73
756 325 81
760 432 62 6
760 83 214 6
760 761 67 35
760 161 88
765 705 28 183 10
765 705 245 114 5
765 308 49
767 140 90
767 769 244 46
770 707 701 448 127 4
770 707 706 627 228 15
770 707 158 137 24
770 155 106
770 282 344 24
770 771 17 46
774 2 4 432 62 14
774 176 285 19
774 773 8 7
774 296 73
774 775 44 31
778 726 722 197 2
778 777 352 20
778 780 237 47
778 170 43
778 779 777 352 25
778 779 556 321 11
784 143 185 120 10
784 428 210 39
784 153 104
791 793 196 34
791 579 330 23
791 249 127
795 57 280 241 20
795 454 39 17
795 796 101 4
795 106 106
795 344 342 57 3
797 146 757 245 16
797 146 208 48 27
797 796 101 8
797 168 92
