c case0
Begin date/time is: Tue Apr  4 10:53:08 2017
 	used time is 0 s 0 ms.
line num is :697 
Cost: 28961
Server Num: 31
4 17 20 22 25 36 37 46 49 56 57 60 61 66 72 81 85 89 97 103 106 108 114 123 126 128 135 139 147 155 159 
End date/time is: Tue Apr  4 10:53:22 2017
 	used time is 13 s 678 ms.

c case1
Begin date/time is: Tue Apr  4 10:53:51 2017
 	used time is 0 s 0 ms.
line num is :683 
Cost: 29049
Server Num: 32
4 8 10 11 15 25 29 35 42 44 57 62 63 70 75 76 80 85 90 103 109 118 120 126 130 135 139 142 146 147 149 154 
End date/time is: Tue Apr  4 10:54:06 2017
 	used time is 14 s 588 ms.

c case2
Begin date/time is: Tue Apr  4 10:54:21 2017
 	used time is 0 s 0 ms.
line num is :698 
Cost: 28371
Server Num: 33
6 8 12 15 38 40 51 54 59 63 64 66 71 74 79 84 98 101 102 105 110 114 115 119 120 125 126 136 140 141 148 154 159 
End date/time is: Tue Apr  4 10:54:32 2017
 	used time is 11 s 644 ms.
	


z case0
Begin date/time is: Tue Apr  4 10:54:55 2017
 	used time is 0 s 0 ms.
line num is :1275 
Cost: 67708
Server Num: 54
6 9 17 24 32 37 49 50 51 53 57 67 73 76 85 86 92 94 96 108 109 116 119 124 134 140 141 147 149 160 164 166 171 176 177 187 190 199 207 212 218 235 236 240 248 256 258 260 265 271 279 287 290 299 
End date/time is: Tue Apr  4 10:55:23 2017
 	used time is 27 s 977 ms.

z case1
Begin date/time is: Tue Apr  4 10:55:45 2017
 	used time is 0 s 0 ms.
line num is :1274 
Cost: 63580
Server Num: 50
13 21 25 28 32 39 44 52 73 76 82 85 86 88 89 99 100 103 105 107 114 117 119 121 124 125 128 134 142 149 152 172 192 201 209 210 214 221 225 240 246 250 252 254 259 265 267 276 294 296 
End date/time is: Tue Apr  4 10:56:16 2017
 	used time is 31 s 631 ms.
	
z case2
Begin date/time is: Tue Apr  4 10:56:32 2017
 	used time is 0 s 0 ms.
line num is :1295 
Cost: 63740
Server Num: 49
3 9 13 17 30 38 49 56 64 66 68 79 87 98 101 106 111 117 120 126 133 142 144 153 156 165 167 168 182 187 204 209 213 218 221 226 232 238 239 249 252 258 265 267 273 276 282 287 293 
End date/time is: Tue Apr  4 10:57:03 2017
 	used time is 31 s 254 ms.

	

g case0
Begin date/time is: Tue Apr  4 10:57:17 2017
 	used time is 0 s 0 ms.
line num is :3387 
Cost: 186480
Server Num: 112
7 14 17 35 43 50 59 74 82 89 96 101 111 120 124 126 135 141 166 167 175 178 186 187 194 203 205 216 227 234 238 242 252 254 263 267 270 271 275 278 281 288 301 308 321 326 328 331 335 336 338 346 349 353 363 370 383 387 397 402 409 415 416 423 438 463 464 475 482 491 500 503 505 507 520 525 529 542 548 552 557 570 576 584 592 594 634 641 643 646 660 663 671 679 687 711 718 731 739 742 745 751 756 757 759 767 770 774 780 784 791 795 
End date/time is: Tue Apr  4 10:58:44 2017
 	used time is 87 s 377 ms.
	
g case1
Begin date/time is: Tue Apr  4 10:58:57 2017
 	used time is 0 s 0 ms.
line num is :3359 
Cost: 197461
Server Num: 118
1 14 16 32 40 44 45 51 52 58 81 84 88 95 97 100 105 108 113 117 120 121 126 127 128 130 135 141 143 149 151 178 183 195 205 210 224 232 239 240 245 248 253 258 269 287 294 302 304 308 312 316 326 336 337 345 349 378 380 389 401 404 417 424 430 434 436 444 447 449 465 470 476 492 495 502 504 506 512 519 542 552 554 561 579 588 593 604 608 618 620 622 625 631 632 637 642 661 665 685 686 687 690 700 707 710 717 736 754 759 760 766 767 773 775 784 786 798 
End date/time is: Tue Apr  4 11:00:25 2017
 	used time is 87 s 470 ms.

g case2
Begin date/time is: Tue Apr  4 11:00:42 2017
 	used time is 0 s 0 ms.
line num is :3381 
Cost: 199770
Server Num: 121
18 42 50 56 58 62 63 68 72 75 79 81 84 93 95 100 110 112 132 138 141 161 163 166 172 182 187 192 209 214 217 226 239 241 248 251 256 260 263 267 285 289 300 309 311 314 318 323 324 327 346 350 354 355 356 358 364 368 388 391 396 397 402 407 410 418 419 423 424 436 454 458 462 464 467 470 474 476 479 501 506 508 509 516 529 539 543 549 575 576 577 586 595 605 617 620 624 630 631 638 641 651 653 662 663 664 677 699 701 702 709 714 716 721 759 760 766 772 784 787 798 
End date/time is: Tue Apr  4 11:02:09 2017
 	used time is 87 s 212 ms.

