100 210 18

300
   
0 1 43 1
0 2 12 7
0 3 27 7
0 4 22 9
0 6 40 5
0 7 6 10
0 13 8 1
0 41 42 6
1 2 5 3
1 3 36 8
1 4 38 1
1 13 22 5
1 14 36 2
1 22 3 2
1 24 9 3
1 25 48 8
1 39 2 8
1 40 23 10
1 41 46 9
1 46 5 5
2 3 40 7
2 4 17 4
2 14 32 9
2 26 29 6
2 28 32 5
2 33 13 4
2 35 32 5
3 4 9 3
3 33 14 3
3 35 46 8
3 40 33 6
3 42 12 6
4 41 16 4
4 44 21 8
4 47 7 1
5 6 6 1
7 8 21 2
7 9 2 8
8 9 1 7
9 37 2 2
10 11 31 9
10 12 41 1
10 13 28 4
11 12 14 10
11 13 31 8
12 13 9 8
14 15 38 6
14 39 28 6
16 17 13 8
16 18 40 9
16 19 33 3
16 20 14 6
16 21 7 3
16 22 8 3
16 23 12 6
17 18 18 4
17 19 47 1
17 20 34 5
17 21 18 9
17 22 25 6
17 23 8 4
18 19 40 9
18 20 1 5
18 21 21 5
18 22 44 3
18 23 7 1
19 20 17 9
19 21 41 6
19 22 22 8
19 23 27 2
20 21 27 4
20 22 15 5
20 23 23 10
21 22 46 1
21 23 13 2
22 23 45 9
27 28 17 1
27 29 47 4
27 30 38 8
27 31 1 9
28 29 46 9
28 30 5 7
28 31 2 1
29 30 11 8
29 31 39 9
30 31 21 1
32 33 49 6
34 35 12 3
34 36 48 8
34 37 5 9
34 38 23 10
35 36 17 6
35 37 49 9
35 38 33 3
36 37 11 2
36 38 6 2
37 38 43 8
39 40 29 2
40 48 44 4
41 42 10 3
41 43 31 4
42 43 20 8
43 47 14 8
45 46 9 5
45 47 10 10
45 48 10 4
45 49 50 5
46 47 26 5
46 48 41 9
46 49 27 3
47 48 22 4
47 49 50 8
48 49 8 5
50 51 16 2
50 52 17 2
50 53 31 10
50 54 5 1
50 56 19 3
50 60 6 1
50 76 24 10
51 52 2 2
51 53 12 5
51 54 17 3
51 56 46 5
51 59 38 1
51 66 42 9
52 53 36 2
52 54 24 7
52 61 12 7
52 85 47 4
53 54 13 2
53 64 8 8
53 67 11 5
53 70 11 1
53 75 35 4
53 77 18 3
53 81 19 1
53 87 39 3
53 90 34 8
53 91 22 3
53 98 22 8
54 66 17 5
54 82 47 3
54 86 16 9
54 88 17 4
54 89 15 4
54 95 20 2
54 97 31 2
55 56 9 7
55 57 9 7
56 57 17 10
57 69 47 4
58 59 46 10
58 60 33 4
58 62 22 3
59 60 49 10
61 62 12 8
61 63 9 6
62 63 29 7
64 65 45 3
64 66 49 7
65 66 44 2
67 68 16 6
67 69 47 10
68 69 15 5
68 80 34 4
70 71 46 1
70 72 7 4
70 73 46 4
70 74 1 6
71 72 22 1
71 73 19 7
71 74 44 4
72 73 48 6
72 74 48 1
73 74 22 9
75 76 40 3
76 89 40 8
77 78 37 5
77 79 37 2
77 80 31 1
78 79 17 4
78 80 31 8
79 80 1 3
82 83 40 8
82 84 39 4
82 85 33 1
83 84 41 9
83 85 6 2
84 85 39 1
86 87 19 9
89 90 7 3
89 91 4 10
89 92 21 8
89 93 35 7
89 94 40 5
90 91 44 8
90 92 28 5
90 93 49 2
90 94 50 9
91 92 16 7
91 93 11 6
91 94 38 4
92 93 26 5
92 94 24 5
93 94 22 10
95 96 25 1
97 98 36 3
97 99 10 9
98 99 36 5
  
0 38 58
1 5 4
2 23 47
3 18 80
4 29 70
5 21 50
6 12 41
7 31 34
8 48 47
9 97 28
10 81 14
11 72 64
12 71 47
13 79 22
14 76 55
15 83 28
16 60 32
17 85 50
