100 296 18

260
   
0 1 6 3
0 2 21 1
0 3 46 10
0 4 14 8
0 6 13 10
0 9 29 1
0 13 45 8
0 14 15 1
0 18 33 10
0 22 27 1
0 25 21 9
0 81 14 7
0 89 6 5
1 2 28 2
1 3 29 1
1 4 32 7
1 26 36 7
1 35 40 5
1 83 12 10
1 90 35 8
2 3 17 5
2 4 2 2
2 14 19 10
2 24 35 3
2 25 40 8
2 29 7 2
2 33 2 7
2 36 17 3
2 39 33 1
2 56 48 10
2 85 12 4
3 4 35 2
3 13 38 7
3 15 4 7
3 41 15 10
3 50 46 10
3 65 13 5
4 6 22 10
4 22 6 8
4 24 42 7
4 39 33 2
4 46 5 4
4 49 2 1
4 61 26 5
4 98 31 9
5 6 39 5
5 53 14 5
5 92 48 10
6 62 30 5
6 97 9 2
7 8 46 1
7 9 23 3
7 10 7 4
7 91 9 8
7 95 17 8
8 9 4 2
8 10 22 10
8 60 27 10
8 91 6 1
9 10 33 2
9 45 17 5
9 72 39 2
9 83 17 7
10 69 1 2
10 78 39 6
11 12 37 10
11 13 29 4
11 54 9 4
11 64 47 4
12 13 33 3
12 52 23 2
12 99 45 2
13 53 38 6
13 67 6 7
14 15 25 3
14 53 39 7
14 97 23 7
15 51 30 4
15 84 22 4
16 17 37 1
16 18 48 9
16 19 2 10
16 20 4 2
16 30 46 6
16 53 4 8
16 92 23 3
17 18 25 7
17 19 21 8
17 20 16 7
17 72 14 3
17 95 20 7
18 19 29 8
18 20 1 6
18 52 16 8
18 59 23 5
19 20 32 8
19 24 13 4
19 50 18 10
19 54 33 9
20 33 5 1
20 67 30 7
20 96 41 1
21 22 9 8
21 23 35 6
21 64 16 10
21 73 34 2
22 23 32 1
22 58 34 7
22 73 14 8
23 62 4 5
23 88 22 5
24 25 19 3
24 36 21 9
24 92 30 1
24 95 11 6
25 50 13 3
25 62 8 3
26 27 25 2
26 28 14 8
26 56 9 4
26 58 46 1
27 28 48 1
27 65 30 7
27 88 37 4
28 36 25 4
28 50 37 6
28 68 5 4
29 30 18 2
29 90 17 7
29 91 30 5
30 44 17 6
30 68 36 1
30 92 24 3
31 32 38 2
31 33 20 10
31 87 5 6
31 92 43 10
32 33 19 1
32 72 32 8
32 85 48 5
33 60 12 6
33 63 31 9
34 35 2 6
34 36 38 6
34 37 49 2
34 51 35 10
34 73 1 7
35 36 6 9
35 37 40 3
35 91 31 3
35 94 10 4
36 37 32 10
36 78 38 7
36 88 14 3
37 61 3 9
37 95 30 7
38 39 44 4
38 40 23 6
38 56 37 10
38 98 45 6
39 40 37 10
39 75 15 8
39 98 49 2
40 44 21 2
40 62 7 9
40 98 28 9
41 42 23 1
41 43 25 1
41 62 16 9
41 77 20 5
42 43 48 1
42 56 38 9
42 93 37 6
43 68 24 5
43 69 5 1
44 45 19 3
44 46 4 1
44 47 35 9
44 48 46 10
44 70 40 8
44 77 48 4
45 46 49 5
45 47 38 1
45 48 29 5
45 62 39 7
45 83 48 8
46 47 22 8
46 48 16 7
46 59 11 1
46 80 44 2
47 48 50 7
47 59 4 8
47 83 44 4
48 58 17 8
48 94 50 10
49 81 35 4
49 97 29 10
50 51 20 7
50 52 6 7
50 53 30 3
50 54 50 9
50 55 14 4
50 56 1 10
50 58 37 10
50 64 14 3
50 97 7 7
51 52 29 7
51 53 1 9
51 54 17 10
51 58 22 6
51 60 28 8
51 70 4 6
51 71 10 9
51 75 40 9
51 78 44 5
52 53 33 5
52 54 3 1
52 62 8 4
52 80 15 6
52 91 15 3
52 94 5 8
52 95 4 10
53 54 40 2
53 78 39 1
53 82 15 7
53 84 2 1
53 87 17 6
53 93 42 5
53 95 29 4
54 55 16 9
54 89 4 4
54 99 48 7
56 57 16 1
58 59 49 2
58 60 20 10
58 61 37 1
59 60 16 2
59 61 47 9
60 61 23 7
62 63 6 9
62 64 7 2
62 65 41 10
62 66 16 2
63 64 10 5
63 65 36 1
63 66 16 6
64 65 18 7
64 66 33 7
64 70 39 9
64 84 25 10
65 66 40 2
66 91 46 3
67 68 1 2
67 69 17 8
67 70 20 8
68 69 45 9
68 70 25 2
69 70 1 1
71 72 48 7
71 73 2 2
71 74 1 3
71 84 6 9
72 73 23 9
72 74 11 3
73 74 7 6
75 76 8 2
75 77 2 2
76 77 16 6
79 80 6 5
79 81 24 4
80 81 10 10
83 84 20 9
83 85 22 6
84 85 25 1
86 87 1 6
86 88 20 4
86 89 8 3
86 90 31 7
86 91 43 10
87 88 13 3
87 89 29 10
87 90 7 5
87 91 10 7
88 89 4 9
88 90 5 5
88 91 26 10
89 90 12 10
89 91 45 4
90 91 2 5
92 93 19 8
94 95 48 5
94 96 14 9
95 96 7 1
97 98 34 8
97 99 3 3
98 99 27 10
  
0 35 57
1 5 10
2 6 32
3 7 28
4 41 25
5 13 99
6 48 82
7 17 27
8 23 21
9 70 22
10 76 16
11 88 22
12 72 31
13 98 20
14 65 70
15 62 52
16 78 20
17 87 31
