300 1499 54

260
   
0 1 5 5
0 2 40 10
0 3 31 3
0 4 27 9
0 7 26 10
0 9 1 5
0 12 27 1
0 14 20 3
0 26 15 7
0 73 8 2
0 80 2 1
0 131 9 7
0 198 9 8
0 225 2 7
0 274 27 1
1 2 25 6
1 3 1 6
1 4 26 9
1 9 33 2
1 17 5 5
1 18 22 4
1 23 28 4
1 35 48 1
1 43 19 2
1 47 25 5
1 89 43 10
1 90 3 1
1 114 32 6
1 165 24 3
1 205 18 7
1 274 5 3
2 3 25 3
2 4 50 5
2 19 19 3
2 27 41 9
2 28 19 2
2 53 17 9
2 81 8 10
2 127 9 4
2 177 22 9
2 219 22 3
2 264 10 4
3 4 22 7
3 13 43 5
3 32 36 1
3 37 49 6
3 47 17 8
3 93 39 3
3 94 13 2
3 108 8 3
3 171 23 9
3 210 49 6
3 281 10 9
4 11 27 1
4 23 46 6
4 40 8 5
4 44 26 1
4 47 40 9
4 49 7 5
4 69 32 4
4 95 37 4
4 115 20 7
4 119 27 6
4 245 30 6
4 298 17 4
5 6 7 6
5 7 5 1
5 71 44 6
5 90 48 2
5 168 28 7
5 194 19 1
5 217 14 7
5 262 41 7
6 7 44 2
6 64 15 6
6 65 34 3
6 150 50 4
6 197 5 4
6 232 12 3
6 290 9 6
7 59 8 6
7 62 12 5
7 101 34 5
7 115 39 4
7 245 16 5
7 296 7 1
8 9 3 8
8 10 50 9
8 72 4 2
8 96 34 5
8 107 17 6
8 167 10 3
8 207 46 3
8 222 1 2
9 10 17 9
9 67 32 3
9 94 38 10
9 159 13 3
9 181 50 8
9 210 18 6
9 245 2 3
10 61 32 10
10 71 20 9
10 122 15 3
10 197 30 7
10 254 19 2
10 269 32 3
11 12 36 6
11 19 38 3
11 60 7 6
11 87 44 5
11 127 19 10
11 182 19 6
11 251 17 2
11 267 10 10
12 58 11 5
12 79 15 4
12 150 26 7
12 176 10 3
12 236 8 8
12 288 7 10
13 14 42 10
13 15 50 10
13 16 32 9
13 55 10 3
13 77 28 4
13 133 25 8
13 158 13 3
13 219 42 5
13 230 43 8
14 15 30 7
14 16 1 9
14 63 26 8
14 72 49 1
14 104 30 7
14 169 42 10
14 202 34 3
14 282 17 6
15 16 4 9
15 56 13 9
15 86 10 4
15 104 41 5
15 122 46 6
15 204 42 4
15 224 11 8
16 82 49 4
16 95 22 3
16 130 1 10
16 163 4 2
16 237 5 2
16 246 7 2
17 73 6 9
17 79 21 2
17 104 20 7
17 142 5 4
17 256 10 9
17 269 15 10
18 19 10 2
18 20 36 6
18 21 44 6
18 62 22 2
18 86 39 9
18 129 50 3
18 182 13 5
18 263 35 10
18 281 25 6
19 20 6 1
19 21 48 10
19 45 34 9
19 84 24 3
19 93 1 5
19 164 23 1
19 174 12 6
19 232 20 7
19 282 3 7
20 21 39 1
20 75 4 10
20 97 3 7
20 123 49 4
20 131 15 10
20 239 13 4
20 297 25 8
21 29 14 4
21 55 33 2
21 83 14 8
21 119 3 10
21 142 1 3
21 253 28 10
21 266 23 4
22 23 39 4
22 24 21 8
22 25 5 7
22 62 22 7
22 73 43 1
22 129 31 6
22 166 39 8
22 221 34 6
22 283 42 4
23 24 24 8
23 25 9 7
23 56 26 9
23 83 19 7
23 128 18 6
23 129 33 5
23 218 29 10
23 240 25 7
24 25 1 9
24 77 27 7
24 86 10 3
24 130 24 10
24 151 42 10
24 232 43 1
24 292 29 6
25 70 17 4
25 95 15 6
25 159 25 5
25 178 6 3
25 221 33 4
25 231 42 2
26 27 5 1
26 46 21 8
26 78 46 3
26 80 10 8
26 165 41 8
26 181 18 5
26 238 29 1
26 271 16 3
27 76 40 4
27 78 45 1
27 139 45 3
27 196 24 6
27 224 20 7
27 246 34 8
28 29 34 2
28 30 42 1
28 31 27 10
28 59 38 8
28 62 21 9
28 155 30 4
28 191 10 1
28 255 48 2
28 293 22 8
29 30 47 3
29 31 18 6
29 57 3 10
29 75 18 7
29 105 10 7
29 148 18 4
29 206 16 8
29 233 35 1
30 31 8 4
30 54 37 1
30 96 36 7
30 108 20 7
30 118 19 5
30 211 13 4
30 248 43 6
31 39 30 8
31 70 9 8
31 76 49 6
31 107 38 4
31 128 47 4
31 221 2 4
31 269 7 3
32 33 38 3
32 34 9 3
32 35 36 6
32 69 10 8
32 95 39 5
32 113 48 8
32 153 7 9
32 200 45 2
32 244 48 5
33 34 8 7
33 35 16 7
33 51 15 1
33 66 1 2
33 114 26 9
33 180 20 3
33 251 39 10
33 278 8 1
34 35 4 6
34 62 18 5
34 74 17 3
34 164 2 5
34 187 27 10
34 289 29 3
34 297 19 3
35 75 10 9
35 96 47 5
35 160 36 2
35 178 24 9
35 286 1 1
35 294 16 3
36 37 21 4
36 62 17 5
36 80 2 1
36 126 6 1
36 196 19 7
36 284 31 5
36 296 50 2
37 50 48 4
37 79 25 5
37 110 35 1
37 113 45 9
37 276 29 4
37 280 13 1
38 39 46 1
38 40 29 9
38 41 31 6
38 42 39 4
38 62 43 10
38 84 31 7
38 177 11 9
38 183 44 3
38 250 2 8
38 261 37 6
39 40 15 8
39 41 32 8
39 42 7 9
39 59 44 1
39 91 22 7
39 100 25 5
39 193 22 3
39 232 20 10
39 280 47 10
40 41 49 6
40 42 49 7
40 64 9 7
40 81 28 3
40 103 9 5
40 141 4 10
40 237 35 5
40 275 31 1
41 42 38 1
41 57 30 8
41 72 30 10
41 164 15 8
41 192 10 8
41 255 43 5
41 266 12 8
42 89 39 4
42 99 30 2
42 105 8 7
42 159 42 3
42 202 44 5
42 209 13 3
43 44 46 10
43 53 15 7
43 63 34 5
43 135 15 5
43 170 19 8
43 229 12 4
43 235 21 8
44 71 13 1
44 77 26 1
44 153 47 3
44 173 10 6
44 204 22 8
44 269 49 1
45 46 44 3
45 47 14 1
45 48 30 10
45 50 35 1
45 63 21 3
45 167 3 5
45 169 11 2
45 272 48 7
45 284 30 2
46 47 31 3
46 48 41 7
46 53 38 2
46 82 18 4
46 124 24 10
46 154 39 8
46 250 1 10
46 253 36 7
47 48 35 5
47 71 9 5
47 83 16 1
47 127 39 1
47 172 13 6
47 278 15 7
47 296 10 8
48 79 19 10
48 93 50 1
48 103 20 4
48 169 17 8
48 231 2 1
48 285 40 2
49 65 35 7
49 67 43 4
49 143 30 9
49 173 29 5
49 238 37 7
49 254 11 7
50 51 16 2
50 52 17 2
50 53 31 10
50 54 5 1
50 56 19 3
50 60 6 1
50 76 24 10
50 182 22 1
50 186 34 3
50 249 7 9
50 276 48 10
51 52 2 2
51 53 12 5
51 54 17 3
51 56 46 5
51 59 38 1
51 66 42 9
51 126 28 9
51 139 3 5
51 247 48 9
51 283 18 2
52 53 36 2
52 54 24 7
52 61 12 7
52 85 47 4
52 147 33 2
52 180 7 10
52 286 30 3
52 289 13 9
53 54 13 2
53 64 8 8
53 67 11 5
53 70 11 1
53 75 35 4
53 77 18 3
53 81 19 1
53 87 39 3
53 90 34 8
53 91 22 3
53 98 22 8
53 100 29 9
53 168 22 8
53 218 30 5
53 284 28 1
54 66 17 5
54 82 47 3
54 86 16 9
54 88 17 4
54 89 15 4
54 95 20 2
54 97 31 2
54 137 29 1
54 196 38 9
54 203 36 8
54 220 49 3
55 56 9 7
55 57 9 7
55 151 36 7
55 178 21 5
55 201 28 7
55 274 12 1
56 57 17 10
56 101 38 6
56 109 11 9
56 200 8 3
56 242 1 5
57 69 47 4
57 142 3 4
57 180 34 7
57 213 46 6
57 233 9 3
58 59 46 10
58 60 33 4
58 62 22 3
58 120 13 8
58 141 38 4
58 223 16 1
58 276 44 2
59 60 49 10
59 130 17 1
59 140 2 7
59 246 18 9
59 292 9 9
60 102 45 3
60 114 3 9
60 255 48 4
60 263 4 6
61 62 12 8
61 63 9 6
61 115 14 9
61 137 48 7
61 256 6 5
61 267 26 2
62 63 29 7
62 131 33 2
62 137 4 8
62 228 12 3
62 247 11 2
63 132 17 4
63 193 6 3
63 207 42 1
63 264 7 7
64 65 45 3
64 66 49 7
64 141 10 10
64 151 1 10
64 228 18 9
64 298 19 8
65 66 44 2
65 167 40 5
65 179 41 2
65 245 3 8
65 287 42 1
66 109 38 7
66 144 24 2
66 243 28 10
66 288 43 9
67 68 16 6
67 69 47 10
67 151 20 1
67 190 14 9
67 203 39 8
67 288 31 5
68 69 15 5
68 80 34 4
68 132 26 4
68 199 33 4
68 245 35 1
68 295 32 7
69 134 40 10
69 181 30 10
69 207 1 10
69 297 22 3
70 71 46 1
70 72 7 4
70 73 46 4
70 74 1 6
70 155 22 8
70 167 49 8
70 289 28 5
70 290 49 6
71 72 22 1
71 73 19 7
71 74 44 4
71 102 17 5
71 173 34 6
71 232 14 10
71 299 49 4
72 73 48 6
72 74 48 1
72 120 35 9
72 141 10 10
72 245 40 7
72 260 26 6
73 74 22 9
73 143 41 1
73 185 41 4
73 234 18 5
73 248 8 8
74 107 26 7
74 182 12 3
74 267 33 6
74 297 47 1
75 76 40 3
75 136 1 7
75 139 32 6
75 209 31 3
75 279 32 4
76 89 40 8
76 125 4 7
76 148 30 4
76 267 29 6
76 283 28 4
77 78 37 5
77 79 37 2
77 80 31 1
77 103 31 6
77 174 17 10
77 220 3 5
77 230 25 9
78 79 17 4
78 80 31 8
78 114 25 5
78 143 41 9
78 227 44 8
78 238 28 1
79 80 1 3
79 109 23 1
79 193 13 4
79 227 12 2
79 287 48 4
80 188 8 4
80 196 1 4
80 239 49 7
80 249 18 9
81 109 22 7
81 110 2 4
81 227 4 8
81 235 44 1
82 83 40 8
82 84 39 4
82 85 33 1
82 120 46 5
82 130 31 6
82 251 5 8
82 298 47 5
83 84 41 9
83 85 6 2
83 147 16 4
83 188 36 4
83 203 42 7
83 296 24 10
84 85 39 1
84 106 12 2
84 116 6 5
84 265 21 6
84 290 14 9
85 130 11 2
85 179 6 4
85 215 2 8
85 221 17 9
86 87 19 9
86 121 46 1
86 131 37 6
86 257 22 9
86 297 37 9
87 171 7 6
87 184 20 7
87 216 31 6
87 224 5 9
88 106 26 8
88 171 35 10
88 244 18 3
88 271 48 7
89 90 7 3
89 91 4 10
89 92 21 8
89 93 35 7
89 94 40 5
89 101 39 9
89 128 42 5
89 207 36 1
89 282 4 7
90 91 44 8
90 92 28 5
90 93 49 2
90 94 50 9
90 127 41 2
90 150 11 7
90 225 48 10
90 262 40 2
91 92 16 7
91 93 11 6
91 94 38 4
91 103 18 9
91 183 20 9
91 243 13 5
91 299 32 5
92 93 26 5
92 94 24 5
92 138 30 8
92 171 39 7
92 244 11 2
92 296 19 8
93 94 22 10
93 122 25 2
93 165 38 5
93 239 19 2
93 288 21 10
94 105 27 6
94 131 16 7
94 201 6 6
94 261 4 10
95 96 25 1
95 110 2 3
95 188 8 9
95 203 31 5
95 217 41 6
96 141 4 4
96 170 28 1
96 218 30 6
96 255 38 9
97 98 36 3
97 99 10 9
97 119 43 4
97 134 38 2
97 228 36 8
97 259 5 10
98 99 36 5
98 102 28 5
98 133 45 6
98 201 38 5
98 284 25 3
99 153 22 2
99 188 4 4
99 238 15 7
99 268 30 2
100 101 6 3
100 102 21 1
100 103 46 10
100 104 14 8
100 106 13 10
100 109 29 1
100 113 45 8
100 114 15 1
100 118 33 10
100 122 27 1
100 125 21 9
100 181 14 7
100 189 6 5
100 205 26 7
100 212 50 2
101 102 28 2
101 103 29 1
101 104 32 7
101 126 36 7
101 135 40 5
101 183 12 10
101 190 35 8
101 204 36 5
101 258 21 7
102 103 17 5
102 104 2 2
102 114 19 10
102 124 35 3
102 125 40 8
102 129 7 2
102 133 2 7
102 136 17 3
102 139 33 1
102 156 48 10
102 185 12 4
102 217 25 6
102 257 20 2
103 104 35 2
103 113 38 7
103 115 4 7
103 141 15 10
103 150 46 10
103 165 13 5
103 272 6 2
103 293 5 3
104 106 22 10
104 122 6 8
104 124 42 7
104 139 33 2
104 146 5 4
104 149 2 1
104 161 26 5
104 198 31 9
104 212 46 7
104 265 22 1
105 106 39 5
105 153 14 5
105 192 48 10
105 215 8 6
105 272 1 4
106 162 30 5
106 197 9 2
106 215 49 4
106 286 27 1
107 108 46 1
107 109 23 3
107 110 7 4
107 191 9 8
107 195 17 8
107 244 12 9
107 290 34 5
108 109 4 2
108 110 22 10
108 160 27 10
108 191 6 1
108 263 49 5
108 285 49 6
109 110 33 2
109 145 17 5
109 172 39 2
109 183 17 7
109 220 1 8
109 283 15 1
110 169 1 2
110 178 39 6
110 208 38 9
110 258 45 1
111 112 37 10
111 113 29 4
111 154 9 4
111 164 47 4
111 202 35 5
111 264 31 5
112 113 33 3
112 152 23 2
112 199 45 2
112 208 48 4
112 270 20 2
113 153 38 6
113 167 6 7
113 226 27 9
113 267 10 5
114 115 25 3
114 153 39 7
114 197 23 7
114 202 9 6
114 225 42 6
115 151 30 4
115 184 22 4
115 219 31 9
115 271 3 10
116 117 37 1
116 118 48 9
116 119 2 10
116 120 4 2
116 130 46 6
116 153 4 8
116 192 23 3
116 236 42 10
116 258 48 3
117 118 25 7
117 119 21 8
117 120 16 7
117 172 14 3
117 195 20 7
117 231 38 6
117 294 22 7
118 119 29 8
118 120 1 6
118 152 16 8
118 159 23 5
118 247 18 8
118 281 29 8
119 120 32 8
119 124 13 4
119 150 18 10
119 154 33 9
119 223 19 5
119 272 10 2
120 133 5 1
120 167 30 7
120 196 41 1
120 244 1 1
120 289 17 4
121 122 9 8
121 123 35 6
121 164 16 10
121 173 34 2
121 240 50 7
121 249 12 7
122 123 32 1
122 158 34 7
122 173 14 8
122 223 32 1
122 236 27 8
123 162 4 5
123 188 22 5
123 266 35 8
123 267 41 8
124 125 19 3
124 136 21 9
124 192 30 1
124 195 11 6
124 217 18 7
124 277 11 4
125 150 13 3
125 162 8 3
125 230 42 10
125 292 9 8
126 127 25 2
126 128 14 8
126 156 9 4
126 158 46 1
126 260 38 6
126 285 36 2
127 128 48 1
127 165 30 7
127 188 37 4
127 205 50 9
127 263 15 1
128 136 25 4
128 150 37 6
128 168 5 4
128 224 12 6
128 291 17 7
129 130 18 2
129 190 17 7
129 191 30 5
129 251 25 4
129 274 37 7
130 144 17 6
130 168 36 1
130 192 24 3
130 219 40 1
130 226 6 10
131 132 38 2
131 133 20 10
131 187 5 6
131 192 43 10
131 264 2 5
131 298 34 7
132 133 19 1
132 172 32 8
132 185 48 5
132 231 29 8
132 250 4 6
133 160 12 6
133 163 31 9
133 203 2 10
133 285 45 8
134 135 2 6
134 136 38 6
134 137 49 2
134 151 35 10
134 173 1 7
134 208 37 7
134 256 1 3
135 136 6 9
135 137 40 3
135 191 31 3
135 194 10 4
135 214 20 1
135 247 36 9
136 137 32 10
136 178 38 7
136 188 14 3
136 240 33 8
136 241 26 6
137 161 3 9
137 195 30 7
137 239 16 3
137 248 15 5
138 139 44 4
138 140 23 6
138 156 37 10
138 198 45 6
138 251 38 8
138 290 25 10
139 140 37 10
139 175 15 8
139 198 49 2
139 216 4 1
139 225 29 4
140 144 21 2
140 162 7 9
140 198 28 9
140 248 26 9
140 260 34 3
141 142 23 1
141 143 25 1
141 162 16 9
141 177 20 5
141 249 36 9
141 264 43 7
142 143 48 1
142 156 38 9
142 193 37 6
142 253 28 5
142 297 10 10
143 168 24 5
143 169 5 1
143 213 3 3
143 227 27 8
144 145 19 3
144 146 4 1
144 147 35 9
144 148 46 10
144 170 40 8
144 177 48 4
144 272 11 2
144 293 41 7
145 146 49 5
145 147 38 1
145 148 29 5
145 162 39 7
145 183 48 8
145 251 14 2
145 277 14 8
146 147 22 8
146 148 16 7
146 159 11 1
146 180 44 2
146 227 47 10
146 278 21 1
147 148 50 7
147 159 4 8
147 183 44 4
147 220 18 6
147 251 45 3
148 158 17 8
148 194 50 10
148 260 32 6
148 270 16 3
149 181 35 4
149 197 29 10
149 253 8 4
149 259 8 6
150 151 20 7
150 152 6 7
150 153 30 3
150 154 50 9
150 155 14 4
150 156 1 10
150 158 37 10
150 164 14 3
150 197 7 7
150 222 17 7
150 271 27 6
151 152 29 7
151 153 1 9
151 154 17 10
151 158 22 6
151 160 28 8
151 170 4 6
151 171 10 9
151 175 40 9
151 178 44 5
151 244 22 1
151 264 1 9
152 153 33 5
152 154 3 1
152 162 8 4
152 180 15 6
152 191 15 3
152 194 5 8
152 195 4 10
152 250 41 6
152 292 34 2
153 154 40 2
153 178 39 1
153 182 15 7
153 184 2 1
153 187 17 6
153 193 42 5
153 195 29 4
153 283 5 9
153 285 30 8
154 155 16 9
154 189 4 4
154 199 48 7
154 214 30 1
154 258 10 1
155 254 1 6
155 260 38 4
156 157 16 1
156 217 7 8
156 264 9 1
157 271 17 10
157 275 37 1
158 159 49 2
158 160 20 10
158 161 37 1
158 247 19 8
158 285 7 2
159 160 16 2
159 161 47 9
159 276 39 2
159 278 45 5
160 161 23 7
160 271 44 7
160 296 11 6
161 263 22 2
161 279 26 6
162 163 6 9
162 164 7 2
162 165 41 10
162 166 16 2
162 251 14 4
162 276 26 5
163 164 10 5
163 165 36 1
163 166 16 6
163 208 20 10
163 261 9 3
164 165 18 7
164 166 33 7
164 170 39 9
164 184 25 10
164 271 8 10
164 282 27 3
165 166 40 2
165 283 43 1
165 287 21 2
166 191 46 3
166 229 27 7
166 254 43 1
167 168 1 2
167 169 17 8
167 170 20 8
167 217 10 1
167 266 35 1
168 169 45 9
168 170 25 2
168 209 17 6
168 271 4 7
169 170 1 1
169 230 46 8
169 237 2 7
170 229 12 7
170 292 33 2
171 172 48 7
171 173 2 2
171 174 1 3
171 184 6 9
171 200 44 3
171 291 13 1
172 173 23 9
172 174 11 3
172 210 39 8
172 297 28 3
173 174 7 6
173 248 20 10
173 294 12 10
174 227 32 10
174 236 44 1
175 176 8 2
175 177 2 2
175 214 8 3
175 278 36 7
176 177 16 6
176 219 13 2
176 259 18 2
177 246 35 7
177 254 9 6
178 211 14 4
178 227 23 9
179 180 6 5
179 181 24 4
179 252 5 10
179 269 46 3
180 181 10 10
180 235 27 3
180 246 30 4
181 218 8 7
181 299 46 8
182 202 34 5
182 239 48 6
183 184 20 9
183 185 22 6
183 246 13 1
183 288 20 10
184 185 25 1
184 262 42 1
184 283 30 7
185 231 41 8
185 250 14 2
186 187 1 6
186 188 20 4
186 189 8 3
186 190 31 7
186 191 43 10
186 251 27 8
186 297 18 3
187 188 13 3
187 189 29 10
187 190 7 5
187 191 10 7
187 233 1 3
187 297 38 1
188 189 4 9
188 190 5 5
188 191 26 10
188 226 47 6
188 270 48 10
189 190 12 10
189 191 45 4
189 244 18 8
189 263 12 4
190 191 2 5
190 232 9 6
190 281 32 6
191 262 13 3
191 267 35 4
192 193 19 8
192 219 13 5
192 248 23 6
193 207 25 10
193 239 31 6
194 195 48 5
194 196 14 9
194 230 39 2
194 290 3 6
195 196 7 1
195 209 44 1
195 266 19 6
196 217 32 3
196 262 9 7
197 198 34 8
197 199 3 3
197 241 34 4
197 292 10 3
198 199 27 10
198 221 17 4
198 229 40 7
199 221 4 4
199 227 22 6
200 201 43 1
200 202 12 7
200 203 27 7
200 204 22 9
200 206 40 5
200 207 6 10
200 213 8 1
200 241 42 6
200 263 36 1
200 281 21 7
201 202 5 3
201 203 36 8
201 204 38 1
201 213 22 5
201 214 36 2
201 222 3 2
201 224 9 3
201 225 48 8
201 239 2 8
201 240 23 10
201 241 46 9
201 246 5 5
201 274 28 1
201 277 21 7
202 203 40 7
202 204 17 4
202 214 32 9
202 226 29 6
202 228 32 5
202 233 13 4
202 235 32 5
202 288 47 2
202 291 46 10
203 204 9 3
203 233 14 3
203 235 46 8
203 240 33 6
203 242 12 6
203 261 21 10
203 269 12 8
204 241 16 4
204 244 21 8
204 247 7 1
204 262 22 7
204 284 19 9
205 206 6 1
205 252 38 4
205 268 37 1
206 279 13 7
206 288 50 1
207 208 21 2
207 209 2 8
207 255 15 10
207 268 40 5
208 209 1 7
208 255 24 3
208 273 37 6
209 237 2 2
209 270 19 6
209 273 4 8
210 211 31 9
210 212 41 1
210 213 28 4
210 251 36 8
210 264 23 6
211 212 14 10
211 213 31 8
211 256 29 10
211 271 5 9
212 213 9 8
212 256 33 9
212 280 27 8
213 253 27 8
213 287 9 2
214 215 38 6
214 239 28 6
214 260 37 3
214 296 45 3
215 287 27 7
215 289 5 7
216 217 13 8
216 218 40 9
216 219 33 3
216 220 14 6
216 221 7 3
216 222 8 3
216 223 12 6
216 258 16 3
216 280 17 5
217 218 18 4
217 219 47 1
217 220 34 5
217 221 18 9
217 222 25 6
217 223 8 4
217 281 34 8
217 291 36 10
218 219 40 9
218 220 1 5
218 221 21 5
218 222 44 3
218 223 7 1
218 250 12 3
218 288 11 4
219 220 17 9
219 221 41 6
219 222 22 8
219 223 27 2
219 251 28 9
219 288 3 4
220 221 27 4
220 222 15 5
220 223 23 10
220 284 21 10
220 293 33 7
221 222 46 1
221 223 13 2
221 259 27 10
221 278 37 4
222 223 45 9
222 266 6 10
222 289 27 5
223 264 48 2
223 288 39 1
224 286 37 2
224 288 41 5
225 255 12 5
225 297 39 6
226 277 37 3
226 279 2 8
227 228 17 1
227 229 47 4
227 230 38 8
227 231 1 9
227 270 38 3
227 282 41 4
228 229 46 9
228 230 5 7
228 231 2 1
228 292 40 7
228 295 35 2
229 230 11 8
229 231 39 9
229 270 2 10
229 275 22 8
230 231 21 1
230 278 27 9
230 297 5 5
231 250 13 10
231 257 12 5
232 233 49 6
232 261 13 1
232 272 37 8
233 280 30 3
233 297 4 7
234 235 12 3
234 236 48 8
234 237 5 9
234 238 23 10
234 272 14 5
234 296 4 1
235 236 17 6
235 237 49 9
235 238 33 3
235 265 37 8
235 288 21 2
236 237 11 2
236 238 6 2
236 264 5 3
236 299 2 3
237 238 43 8
237 250 14 4
237 293 17 5
238 265 11 5
238 287 25 4
239 240 29 2
239 284 6 9
239 299 3 8
240 248 44 4
240 252 44 9
240 265 24 5
241 242 10 3
241 243 31 4
241 280 29 5
241 290 16 6
242 243 20 8
242 282 1 8
242 293 16 7
243 247 14 8
243 288 36 4
243 297 47 8
244 252 29 3
244 278 12 9
245 246 9 5
245 247 10 10
245 248 10 4
245 249 50 5
245 254 3 3
245 290 33 10
246 247 26 5
246 248 41 9
246 249 27 3
246 288 18 9
246 289 4 10
247 248 22 4
247 249 50 8
247 258 11 8
247 293 19 10
248 249 8 5
248 280 12 7
248 292 4 3
249 288 20 9
249 297 25 10
250 251 16 2
250 252 17 2
250 253 31 10
250 254 5 1
250 256 19 3
250 260 6 1
250 276 24 10
251 252 2 2
251 253 12 5
251 254 17 3
251 256 46 5
251 259 38 1
251 266 42 9
252 253 36 2
252 254 24 7
252 261 12 7
252 285 47 4
253 254 13 2
253 264 8 8
253 267 11 5
253 270 11 1
253 275 35 4
253 277 18 3
253 281 19 1
253 287 39 3
253 290 34 8
253 291 22 3
253 298 22 8
254 266 17 5
254 282 47 3
254 286 16 9
254 288 17 4
254 289 15 4
254 295 20 2
254 297 31 2
255 256 9 7
255 257 9 7
256 257 17 10
257 269 47 4
258 259 46 10
258 260 33 4
258 262 22 3
259 260 49 10
261 262 12 8
261 263 9 6
262 263 29 7
264 265 45 3
264 266 49 7
265 266 44 2
267 268 16 6
267 269 47 10
268 269 15 5
268 280 34 4
270 271 46 1
270 272 7 4
270 273 46 4
270 274 1 6
271 272 22 1
271 273 19 7
271 274 44 4
272 273 48 6
272 274 48 1
273 274 22 9
275 276 40 3
276 289 40 8
277 278 37 5
277 279 37 2
277 280 31 1
278 279 17 4
278 280 31 8
279 280 1 3
282 283 40 8
282 284 39 4
282 285 33 1
283 284 41 9
283 285 6 2
284 285 39 1
286 287 19 9
289 290 7 3
289 291 4 10
289 292 21 8
289 293 35 7
289 294 40 5
290 291 44 8
290 292 28 5
290 293 49 2
290 294 50 9
291 292 16 7
291 293 11 6
291 294 38 4
292 293 26 5
292 294 24 5
293 294 22 10
295 296 25 1
297 298 36 3
297 299 10 9
298 299 36 5
  
0 43 25
1 44 20
2 22 30
3 7 22
4 37 28
5 13 29
6 15 29
7 38 23
8 34 28
9 97 28
10 81 24
11 72 24
12 71 27
13 79 22
14 76 25
15 83 28
16 60 22
17 85 20
18 135 57
19 105 10
20 106 32
21 107 28
22 141 25
23 113 99
24 148 82
25 117 27
26 123 21
27 170 22
28 176 16
29 188 22
30 172 31
31 198 20
32 165 70
33 162 52
34 178 20
35 187 31
36 238 58
37 205 4
38 223 47
39 218 80
40 229 70
41 221 50
42 212 41
43 231 34
44 248 47
45 297 28
46 281 14
47 272 64
48 271 47
49 279 22
50 276 55
51 283 28
52 260 32
53 285 50
