2 4
35 4
36 4
45 4
49 3
56 4
60 4
72 3
74 4
78 4
88 4
103 2
105 4
106 4
107 4
125 4
132 4
133 4
134 4
142 3
152 0
174 3
210 4
236 4
242 4
244 4
250 4
274 3
275 4
291 0
296 4
306 4
320 4
332 4
356 4
373 4
394 4
418 4
419 2
435 4
452 4
458 3
467 4
470 4
473 4
510 4
511 4
515 4
526 4
527 2
538 4
575 4
577 4
582 4
617 4
649 2
650 4
656 4
683 3
688 4
693 3
695 4
714 3
723 4
724 4
725 4
767 3
771 4
783 4
795 2
796 1
806 4
835 4
847 3
855 2
870 4
871 4
872 4
883 4
915 4
920 2
940 3
954 4
970 1
984 4
991 2
993 4
1001 4
1009 1
1019 2
1026 3
1031 4
1057 4
1076 1
1080 4
1090 4
1094 4
1103 4
1109 4
1110 4
1119 4
1150 4
1171 4
1184 4
1185 4
1187 4
