c case0
MaxBW	SerFee
5491	600
0.260934
2.9363
SER
4 17 20 22 25 36 37 46 49 56 57 60 61 66 72 81 85 89 97 103 106 108 114 123 126 128 131 135 139 147 155 159 
N_ser	Cost	Band	
 32	28956	5491
time 1 5.50418
time 2 5.56791
SER
4,17,20,22,25,36,37,46,49,56,57,60,61,66,72,81,85,89,97,103,106,108,114,123,126,128,131,135,139,147,155,159,
N_ser	Cost	Band	
 32	28956	5491
 consume time 6.18904
MCMF_n 815
Result corrent:
 The cost is: 28956
----------------------
c case1
MaxBW	SerFee
5108	600
0.245183
3.20833
SER
4 8 9 10 15 25 26 35 42 44 57 62 63 70 75 76 80 85 90 103 109 118 120 126 130 135 139 142 146 147 149 154 
N_ser	Cost	Band	
 32	28935	5108
time 1 5.21236
time 2 5.26963
SER
4,8,9,10,15,25,26,35,42,44,57,62,63,70,75,76,80,85,90,103,109,118,120,126,130,135,139,142,146,147,149,154,
N_ser	Cost	Band	
 32	28935	5108
 consume time 5.80451
MCMF_n 815
Result corrent:
 The cost is: 28935
----------------------
c case2
MaxBW	SerFee
5587	600
0.178354
2.91568
SER
6 8 12 15 38 40 51 54 59 63 64 66 71 74 79 84 98 101 102 105 110 114 115 119 120 125 126 136 140 141 148 154 159 
N_ser	Cost	Band	
 33	28371	5587
time 1 5.0443
time 2 5.10759
SER
6,8,12,15,38,40,51,54,59,63,64,66,71,74,79,84,98,101,102,105,110,114,115,119,120,125,126,136,140,141,148,154,159,
N_ser	Cost	Band	
 33	28371	5587
 consume time 5.65874
MCMF_n 653
Result corrent:
 The cost is: 28371
----------------------
c case3
MaxBW	SerFee
5785	600
0.197457
2.91287
SER
4 5 7 15 18 27 28 34 43 47 52 55 56 59 67 70 91 95 96 100 109 112 114 118 126 127 128 131 133 136 141 146 157 158 
N_ser	Cost	Band	
 34	30546	5785
time 1 4.8688
time 2 4.94258
SER
4,5,7,15,18,27,28,34,43,48,52,55,56,59,67,69,70,91,95,96,100,109,112,114,118,126,127,128,131,136,141,146,157,158,
N_ser	Cost	Band	
 34	30822	5785
 consume time 5.53484
MCMF_n 815
Result corrent:
 The cost is: 30546
----------------------
c case4
MaxBW	SerFee
5139	600
0.340098
3.20235
SER
5 6 8 16 26 30 32 37 53 61 62 67 70 77 90 94 100 101 104 113 117 119 122 124 133 138 141 143 146 152 153 158 
N_ser	Cost	Band	
 32	29023	5139
time 1 5.46961
time 2 5.52369
SER
5,6,11,30,32,37,53,55,61,62,67,73,77,90,94,100,101,104,113,117,119,122,124,133,138,141,143,152,153,158,
N_ser	Cost	Band	
 30	29038	5139
 consume time 6.0768
MCMF_n 977
Result corrent:
 The cost is: 29023
----------------------
c case5
MaxBW	SerFee
5431	600
0.301251
2.89866
SER
9 12 15 16 17 19 27 29 37 41 42 43 49 63 64 87 95 100 109 112 126 128 129 130 135 143 146 148 158 
N_ser	Cost	Band	
 29	27768	5431
time 1 4.9775
time 2 5.03442
SER
9,12,15,16,17,19,27,29,37,41,42,43,49,63,64,87,95,100,109,112,126,128,129,130,135,143,146,148,158,
N_ser	Cost	Band	
 29	27768	5431
 consume time 5.60671
MCMF_n 977
Result corrent:
 The cost is: 27768
----------------------
c case6
MaxBW	SerFee
5223	600
0.327942
2.96312
SER
6 7 26 31 36 39 45 55 58 62 65 67 71 83 90 98 99 110 113 119 120 128 130 140 142 147 150 152 156 
N_ser	Cost	Band	
 29	29546	5223
time 1 6.22463
time 2 6.28968
SER
6,7,26,31,39,45,55,62,65,67,71,83,90,98,99,106,110,113,119,120,128,130,140,142,147,150,152,156,
N_ser	Cost	Band	
 28	29582	5223
 consume time 6.97113
MCMF_n 977
Result corrent:
 The cost is: 29546
----------------------
c case7
MaxBW	SerFee
5768	600
0.216058
2.57122
SER
8 18 27 29 32 35 36 38 42 44 49 53 55 59 65 74 78 86 91 93 96 97 100 102 104 109 114 122 127 131 143 145 147 149 157 158 
N_ser	Cost	Band	
 36	30120	5768
time 1 4.66279
time 2 4.72327
SER
8,18,27,29,32,35,36,38,42,44,49,53,57,59,65,74,78,86,91,93,96,97,100,102,104,107,114,127,131,139,143,147,150,157,158,
N_ser	Cost	Band	
 35	29883	5768
 consume time 5.18062
MCMF_n 815
Result corrent:
 The cost is: 29883
----------------------
c case8
MaxBW	SerFee
5276	600
0.219566
2.79112
SER
5 6 17 22 24 33 37 38 52 55 59 65 66 67 69 73 74 87 91 101 104 111 113 114 115 125 129 137 142 146 154 157 
N_ser	Cost	Band	
 32	29306	5276
time 1 5.54724
time 2 5.59987
SER
5,6,17,22,24,33,37,38,55,59,65,66,67,69,73,74,87,91,101,104,113,115,124,129,132,135,137,142,146,154,157,
N_ser	Cost	Band	
 31	29049	5276
 consume time 6.17025
MCMF_n 815
Result corrent:
 The cost is: 29049
----------------------
z case0
MaxBW	SerFee
10132	800
2.07757
21.991
SER
6 9 17 24 32 37 49 51 53 57 67 73 76 85 86 92 94 96 98 101 108 109 110 116 119 124 134 140 141 147 149 152 160 164 166 168 177 187 190 199 207 212 218 235 236 240 248 256 258 265 269 271 279 287 290 292 299 
N_ser	Cost	Band	
 57	67952	10132
time 1 37.1004
time 2 37.4255
SER
6,9,17,24,32,37,49,50,51,53,57,67,73,76,85,86,92,94,96,108,109,116,119,124,134,140,141,147,149,160,164,166,168,171,176,187,199,207,212,218,235,236,240,241,248,256,258,265,269,271,279,287,290,292,299,
N_ser	Cost	Band	
 55	67657	10132
 consume time 41.054
MCMF_n 3327
Result corrent:
 The cost is: 67657
----------------------
z case1
MaxBW	SerFee
8905	800
1.80914
20.6608
SER
7 13 21 25 30 32 35 39 52 61 75 76 78 82 85 86 89 99 100 103 105 107 114 119 121 124 125 128 142 149 152 165 172 192 201 209 210 214 221 226 240 246 250 252 254 259 265 267 276 294 296 
N_ser	Cost	Band	
 51	63643	8905
time 1 31.5823
time 2 31.8045
SER
13,21,25,30,32,35,39,52,61,75,76,78,82,85,86,88,89,99,100,103,105,107,114,119,121,124,125,128,142,149,152,165,172,192,201,209,210,214,221,226,240,246,250,252,254,259,265,267,276,294,296,
N_ser	Cost	Band	
 51	63644	8905
 consume time 34.9978
MCMF_n 3025
Result corrent:
 The cost is: 63643
----------------------
z case2
MaxBW	SerFee
9179	800
1.87562
32.3915
SER
3 9 13 17 30 38 49 56 64 66 68 79 87 98 102 106 112 117 123 133 142 144 153 156 165 167 168 180 182 186 188 204 218 221 226 232 238 239 244 249 252 258 265 267 273 276 282 287 292 293 
N_ser	Cost	Band	
 50	63667	9179
time 1 45.6589
time 2 45.9047
SER
3,9,13,17,25,30,49,56,61,64,66,68,87,95,102,106,112,117,133,142,144,153,165,167,168,180,182,186,188,204,209,218,221,226,232,238,239,244,249,252,258,265,267,273,276,282,287,292,293,
N_ser	Cost	Band	
 49	64127	9179
 consume time 49.3409
MCMF_n 2723
Result corrent:
 The cost is: 63667
----------------------
z case3
MaxBW	SerFee
10485	800
1.68377
22.3867
SER
5 6 9 11 15 21 23 34 38 45 48 49 64 65 67 69 71 76 83 85 91 105 114 115 120 121 126 129 130 132 139 146 163 168 181 196 198 199 200 207 210 213 214 218 233 237 240 242 258 267 269 276 278 285 296 
N_ser	Cost	Band	
 55	67824	10485
time 1 33.3805
time 2 33.6681
SER
5,6,9,11,15,21,23,34,38,45,49,64,67,69,71,76,83,91,105,114,115,120,121,126,129,130,132,139,146,163,168,181,196,198,199,200,207,210,214,215,218,233,237,240,241,242,258,261,267,269,276,278,285,296,
N_ser	Cost	Band	
 54	67969	10485
 consume time 36.9064
MCMF_n 2421
Result corrent:
 The cost is: 67824
----------------------
z case4
MaxBW	SerFee
9928	800
2.01708
24.3479
SER
8 11 15 20 34 37 38 46 51 59 77 81 89 92 107 112 118 127 132 140 151 153 166 177 180 182 186 187 190 199 200 217 223 231 232 250 252 254 269 273 278 281 284 291 296 297 299 
N_ser	Cost	Band	
 47	63175	9928
time 1 36.1656
time 2 36.4002
SER
8,11,15,20,34,37,38,41,46,51,59,77,81,85,89,92,112,118,127,132,140,151,153,162,166,177,180,182,187,199,200,217,223,231,232,250,252,254,269,273,278,281,284,291,296,297,
N_ser	Cost	Band	
 46	63003	9928
 consume time 39.6836
MCMF_n 3025
Result corrent:
 The cost is: 63003
----------------------
z case5
MaxBW	SerFee
10679	800
1.45149
26.7971
SER
17 19 21 24 28 40 43 51 56 59 63 70 78 87 92 100 103 109 110 111 115 128 138 143 145 149 158 160 161 163 165 168 171 172 180 181 186 187 188 195 210 213 220 222 224 233 251 256 264 265 273 281 285 292 297 
N_ser	Cost	Band	
 55	67886	10679
time 1 40.8883
time 2 41.17
SER
17,19,21,24,28,40,43,51,56,59,63,70,78,87,92,100,103,109,110,111,115,128,138,143,145,149,158,160,161,163,165,168,171,172,180,181,186,187,188,195,210,213,220,222,224,233,251,256,264,265,273,281,285,292,297,
N_ser	Cost	Band	
 55	67886	10679
 consume time 44.4039
MCMF_n 2421
Result corrent:
 The cost is: 67886
----------------------
z case6
MaxBW	SerFee
10347	800
1.17585
23.8576
SER
7 15 18 23 30 31 33 42 45 52 57 61 68 69 79 81 82 85 89 97 105 106 113 132 134 143 147 148 153 156 160 162 165 177 178 183 186 193 200 206 207 222 224 228 230 244 249 250 265 271 273 276 279 280 285 
N_ser	Cost	Band	
 55	67905	10347
time 1 34.663
time 2 34.9094
SER
7,12,18,23,30,31,33,42,45,52,59,61,68,69,79,81,82,89,97,105,106,113,132,134,143,147,148,153,156,160,162,165,176,177,178,183,186,193,199,200,206,207,222,224,228,230,244,249,250,265,271,273,276,279,280,285,
N_ser	Cost	Band	
 56	67891	10347
 consume time 38.0841
MCMF_n 1817
Result corrent:
 The cost is: 67891
----------------------
z case7
MaxBW	SerFee
9503	800
2.28197
25.2509
SER
1 6 8 9 18 29 35 45 47 50 61 63 68 80 81 84 88 94 101 103 104 106 108 113 118 136 140 142 145 146 154 161 167 175 200 207 210 214 219 221 227 237 239 241 245 250 252 256 265 271 277 291 
N_ser	Cost	Band	
 52	61935	9503
time 1 39.3873
time 2 39.6946
SER
1,6,8,9,18,29,35,45,47,50,61,63,68,80,81,84,88,94,101,103,104,106,108,113,118,136,140,142,145,146,154,161,167,175,200,207,210,214,219,221,227,237,239,241,245,250,252,256,265,271,277,291,
N_ser	Cost	Band	
 52	61935	9503
 consume time 43.6758
MCMF_n 2723
Result corrent:
 The cost is: 61935
----------------------
z case8
MaxBW	SerFee
11077	800
1.60171
25.9932
SER
4 10 12 13 25 28 29 32 39 65 69 75 77 79 82 85 90 91 92 95 96 103 111 112 117 131 137 142 144 146 152 158 160 161 167 171 176 181 192 196 198 210 217 218 229 232 236 241 246 250 251 264 271 284 285 287 291 292 
N_ser	Cost	Band	
 58	70209	11077
time 1 39.9368
time 2 40.2054
SER
5,10,12,13,25,28,29,32,39,53,65,69,75,77,79,82,85,87,90,91,92,95,96,103,111,117,131,142,144,146,152,158,161,167,171,176,181,192,196,210,217,218,229,232,236,238,241,246,250,251,264,271,284,285,287,291,292,296,
N_ser	Cost	Band	
 58	70346	11077
 consume time 43.0221
MCMF_n 2421
Result corrent:
 The cost is: 70209
----------------------
