c case0
MaxBW	SerFee
5491	400
SER
4,11,17,20,22,25,30,36,37,46,48,49,54,56,59,60,61,66,69,72,81,83,85,89,97,103,106,108,114,123,126,128,131,135,137,139,147,155,159,
N_ser	Cost	Band	
 39	22338	5491
SER
4,11,17,20,22,25,30,36,37,46,49,54,56,57,60,61,66,69,72,81,83,85,89,97,103,106,108,114,123,126,128,131,135,137,139,147,155,159,
N_ser	Cost	Band	
 38	22243	5491
 consume time 1.12
Result corrent:
 The cost is: 22243
----------------------
c case1
MaxBW	SerFee
5108	400
SER
4,8,9,10,15,17,25,28,29,34,35,42,44,57,62,63,67,70,75,76,80,85,90,102,103,109,118,119,120,122,126,130,135,139,141,142,146,147,149,153,154,
N_ser	Cost	Band	
 41	21932	5108
SER
4,8,9,10,15,17,25,26,29,34,35,42,44,57,62,63,67,70,75,76,80,85,90,102,103,109,118,120,122,126,130,135,139,141,142,146,147,149,153,154,
N_ser	Cost	Band	
 40	21964	5108
 consume time 1.33
Result corrent:
 The cost is: 21932
----------------------
c case2
MaxBW	SerFee
5587	400
SER
6,8,12,15,21,38,40,51,54,59,63,64,66,70,71,74,79,80,84,98,101,102,105,110,114,115,119,120,125,126,136,140,141,146,148,154,155,159,
N_ser	Cost	Band	
 38	21317	5587
SER
6,8,12,15,17,21,38,40,51,54,59,63,64,66,71,74,79,80,84,87,98,101,102,105,110,114,115,119,125,126,136,140,141,146,149,150,154,155,159,
N_ser	Cost	Band	
 39	21361	5587
 consume time 1.51
Result corrent:
 The cost is: 21317
----------------------
c case3
MaxBW	SerFee
5785	400
SER
2,5,7,11,15,18,27,28,34,39,43,47,52,55,56,59,64,67,69,70,72,75,91,95,96,100,101,109,112,113,114,118,126,127,128,131,133,136,141,146,149,157,158,
N_ser	Cost	Band	
 43	23068	5785
SER
2,5,7,11,15,18,27,28,34,39,43,47,52,55,56,59,64,67,69,70,72,91,95,96,100,101,109,112,113,114,118,126,127,128,131,133,136,141,146,149,157,158,
N_ser	Cost	Band	
 42	23068	5785
 consume time 1.15
Result corrent:
 The cost is: 23068
----------------------
c case4
MaxBW	SerFee
5139	400
SER
5,6,8,16,30,32,33,37,39,46,53,55,61,62,67,73,77,90,94,100,101,104,113,117,118,119,122,124,126,129,133,138,141,143,145,146,152,153,158,
N_ser	Cost	Band	
 39	22127	5139
SER
5,6,8,16,30,31,33,37,39,46,53,55,61,62,65,67,73,77,90,94,100,101,104,113,117,118,119,122,124,126,135,138,141,143,145,146,152,153,158,
N_ser	Cost	Band	
 39	22313	5139
 consume time 1.56
Result corrent:
 The cost is: 22127
----------------------
c case5
MaxBW	SerFee
5431	400
SER
9,10,12,15,16,17,19,27,28,29,37,41,42,43,49,63,64,87,90,92,95,100,103,109,110,112,126,128,129,130,135,137,143,146,148,155,
N_ser	Cost	Band	
 36	21476	5431
SER
9,10,12,15,16,17,19,27,28,29,37,41,42,43,49,63,64,87,90,92,95,100,103,109,110,112,126,128,129,130,135,137,143,146,148,155,
N_ser	Cost	Band	
 36	21476	5431
 consume time 1.13
Result corrent:
 The cost is: 21476
----------------------
c case6
MaxBW	SerFee
5223	400
SER
6,7,13,19,24,26,31,35,36,39,44,45,54,55,58,62,65,67,71,73,75,83,90,91,98,99,110,113,114,119,120,128,130,137,142,144,147,150,152,156,
N_ser	Cost	Band	
 40	22703	5223
SER
6,7,10,19,24,26,31,35,39,44,45,54,55,58,62,65,67,71,73,75,83,90,91,98,99,106,110,113,114,119,120,128,130,137,142,144,147,150,155,156,
N_ser	Cost	Band	
 40	22823	5223
 consume time 1.33
Result corrent:
 The cost is: 22703
----------------------
c case7
MaxBW	SerFee
5768	400
SER
8,18,25,27,29,32,35,36,38,42,44,49,51,53,54,55,59,65,74,78,80,86,91,93,96,97,100,102,104,109,113,114,117,122,127,131,138,143,145,147,149,156,157,158,
N_ser	Cost	Band	
 44	22367	5768
SER
8,18,25,27,29,32,35,36,38,42,44,49,51,53,54,55,59,65,74,78,80,86,91,93,96,97,100,102,104,108,113,114,117,122,127,131,139,143,147,150,157,158,
N_ser	Cost	Band	
 42	22394	5768
 consume time 1.13
Result corrent:
 The cost is: 22367
----------------------
c case8
MaxBW	SerFee
5276	400
SER
5,6,17,22,24,33,34,37,38,52,55,59,63,65,66,67,69,70,73,74,87,91,100,101,104,111,113,114,115,124,125,129,132,137,142,146,149,154,157,
N_ser	Cost	Band	
 39	22049	5276
SER
5,6,17,22,24,33,34,37,38,52,55,59,63,65,66,67,69,70,73,74,87,91,100,101,104,111,113,114,115,124,125,129,132,137,142,146,149,154,157,
N_ser	Cost	Band	
 39	22049	5276
 consume time 1.23
Result corrent:
 The cost is: 22049
----------------------
z case0
MaxBW	SerFee
10132	400
SER
6,9,17,22,24,32,35,37,41,49,50,51,53,57,67,68,72,73,76,77,80,84,85,86,92,94,96,98,101,103,108,109,110,114,116,119,124,134,137,140,141,143,147,149,152,160,164,166,168,176,177,187,190,195,199,207,212,218,227,235,236,240,242,248,256,258,265,269,274,279,287,290,292,298,299,
N_ser	Cost	Band	
 75	42157	10132
SER
6,9,17,22,24,32,35,37,41,49,50,51,53,57,67,68,72,73,76,77,80,85,86,92,94,96,98,101,103,108,109,110,114,116,119,124,134,137,140,141,143,147,149,152,160,164,166,168,176,177,187,190,195,199,207,212,218,235,236,240,241,242,248,256,258,264,265,269,274,279,287,290,292,298,299,
N_ser	Cost	Band	
 75	42266	10132
 consume time 9.89
Result corrent:
 The cost is: 42157
----------------------
z case1
MaxBW	SerFee
8905	400
SER
4,7,13,20,21,25,30,32,35,39,52,61,75,76,78,82,85,86,88,89,99,100,103,105,106,107,114,115,117,119,121,124,125,126,128,134,142,149,152,165,172,192,198,201,202,209,210,211,213,214,216,219,221,225,226,239,240,245,246,250,252,254,259,265,267,276,289,294,296,299,
N_ser	Cost	Band	
 70	40466	8905
SER
4,7,13,20,21,25,30,32,35,39,52,61,75,76,78,82,85,86,88,89,99,100,103,105,106,107,114,115,117,119,121,124,125,126,128,134,142,149,152,165,172,192,198,201,202,209,210,211,213,214,216,219,221,225,226,239,240,245,246,250,252,254,259,265,267,276,289,294,296,299,
N_ser	Cost	Band	
 70	40466	8905
 consume time 11.71
Result corrent:
 The cost is: 40466
----------------------
z case2
MaxBW	SerFee
9179	400
SER
3,6,9,13,17,30,38,45,48,56,61,64,68,69,70,72,73,86,87,88,91,95,98,101,102,106,112,113,117,133,142,144,153,156,165,167,168,171,172,176,180,182,186,187,188,197,204,209,213,217,218,220,221,225,226,232,238,239,244,246,249,252,255,258,265,267,273,276,282,287,293,298,
N_ser	Cost	Band	
 72	40912	9179
SER
3,6,9,13,17,30,38,45,48,49,56,61,62,64,68,69,72,86,87,91,95,98,101,102,106,112,113,117,133,142,144,153,156,162,165,167,168,171,173,176,180,182,186,187,188,204,209,213,217,218,220,221,225,226,232,238,239,244,246,249,252,255,258,265,267,273,276,282,287,292,293,295,
N_ser	Cost	Band	
 72	40923	9179
 consume time 10.72
Result corrent:
 The cost is: 40912
----------------------
z case3
MaxBW	SerFee
10485	400
SER
5,7,9,11,15,21,23,30,34,38,45,47,48,49,64,65,67,69,71,76,83,85,86,90,91,94,96,105,106,114,115,120,121,125,126,129,130,132,139,142,146,160,163,168,181,186,196,198,199,200,205,207,210,213,214,216,218,226,230,231,233,237,240,242,243,246,252,258,261,262,267,269,276,278,285,296,297,
N_ser	Cost	Band	
 77	42293	10485
SER
5,7,9,11,15,21,23,30,34,38,43,45,47,48,49,64,67,69,71,76,83,85,86,90,91,94,96,104,105,106,114,115,120,121,125,126,129,130,132,139,142,146,163,168,181,186,196,198,200,201,205,207,210,213,214,216,218,226,230,231,233,237,240,241,242,243,246,252,258,261,262,267,269,276,278,285,296,297,
N_ser	Cost	Band	
 78	42353	10485
 consume time 9.41
Result corrent:
 The cost is: 42293
----------------------
z case4
MaxBW	SerFee
9928	400
SER
8,11,15,18,20,30,34,37,38,46,51,57,59,70,73,77,79,81,85,89,92,104,107,108,112,118,127,132,133,140,151,153,166,170,177,180,182,183,186,187,188,190,193,197,199,213,217,223,231,232,236,250,252,254,255,257,259,269,273,278,279,281,284,285,289,291,292,296,297,299,
N_ser	Cost	Band	
 70	40929	9928
SER
8,11,15,18,20,30,34,37,38,46,51,57,59,70,73,77,79,81,85,89,92,104,107,108,112,118,127,132,133,140,151,153,166,170,177,180,182,183,185,186,187,190,193,197,199,213,217,223,231,232,236,249,250,252,254,255,257,259,269,273,278,281,284,285,289,291,292,296,297,299,
N_ser	Cost	Band	
 70	40927	9928
 consume time 9.93
Result corrent:
 The cost is: 40927
----------------------
z case5
MaxBW	SerFee
10679	400
SER
6,17,19,21,24,27,28,38,40,43,47,51,53,56,59,63,67,70,71,78,87,89,90,92,100,103,109,110,111,112,115,123,128,133,134,138,143,145,149,154,158,160,161,163,165,166,168,180,181,186,187,188,195,204,210,212,213,220,222,224,225,232,233,237,248,251,255,256,264,265,271,273,281,285,287,292,296,297,
N_ser	Cost	Band	
 78	42512	10679
SER
6,17,19,21,24,27,28,38,40,43,47,51,53,56,59,63,67,70,71,78,87,89,90,92,100,103,109,110,111,112,115,123,128,134,138,143,145,149,154,158,160,161,163,165,166,168,180,181,186,187,188,195,204,210,212,213,220,222,224,225,232,233,236,248,251,256,260,264,265,271,273,277,281,285,287,292,296,297,
N_ser	Cost	Band	
 78	42498	10679
 consume time 9.35
Result corrent:
 The cost is: 42498
----------------------
z case6
MaxBW	SerFee
10347	400
SER
5,7,12,15,18,23,30,31,33,42,45,57,59,61,66,68,69,71,77,79,81,82,86,89,94,97,105,106,107,112,113,131,132,134,140,143,147,148,149,153,154,156,160,162,165,174,176,177,178,183,188,189,193,195,199,200,206,207,222,224,228,230,238,244,249,250,257,265,266,267,271,273,276,279,280,282,285,
N_ser	Cost	Band	
 77	43045	10347
SER
5,7,12,15,18,23,30,31,33,42,45,57,59,61,66,68,69,71,74,79,81,82,85,86,89,94,97,105,106,107,112,113,131,132,134,140,143,147,148,149,153,154,156,160,162,165,174,176,177,178,183,186,193,199,200,206,207,222,224,228,230,238,244,249,250,257,265,266,267,271,273,276,279,280,282,285,
N_ser	Cost	Band	
 76	42826	10347
 consume time 10.43
Result corrent:
 The cost is: 42826
----------------------
z case7
MaxBW	SerFee
9503	400
SER
1,6,8,9,18,29,31,35,45,47,50,61,63,68,76,79,80,81,84,88,93,94,101,103,104,105,106,108,113,115,118,127,136,138,140,142,145,146,147,154,156,158,161,167,169,175,193,200,205,207,210,214,219,221,227,237,239,241,243,245,250,252,256,259,265,271,277,291,297,
N_ser	Cost	Band	
 69	38947	9503
SER
1,6,8,9,18,29,31,35,45,47,50,61,63,68,76,79,80,81,84,88,93,94,101,103,104,105,106,108,113,115,118,127,136,137,140,142,145,146,147,154,156,158,161,167,169,175,193,200,205,207,210,214,219,221,227,237,239,241,243,245,250,252,256,259,265,271,277,291,297,
N_ser	Cost	Band	
 69	39040	9503
 consume time 11.1
Result corrent:
 The cost is: 38947
----------------------
z case8
MaxBW	SerFee
11077	400
SER
8,10,12,13,19,20,25,26,28,29,32,38,39,48,53,65,68,69,75,77,79,82,85,87,90,91,92,95,96,98,103,105,109,110,111,112,117,131,133,135,137,139,142,144,146,147,152,157,158,160,161,165,167,171,173,174,176,179,180,192,196,198,210,213,217,218,227,229,230,232,236,238,241,242,246,250,253,264,271,279,284,285,287,291,292,296,
N_ser	Cost	Band	
 86	43401	11077
SER
8,10,12,13,19,20,25,26,28,29,32,38,39,48,53,65,68,69,75,77,79,82,85,87,90,91,92,95,96,98,103,105,109,110,111,112,117,131,133,135,137,139,142,144,146,147,152,157,158,160,161,165,167,171,173,174,176,179,181,192,196,198,210,213,217,218,227,229,230,232,236,238,241,242,246,250,253,264,271,279,284,285,287,291,292,296,
N_ser	Cost	Band	
 86	43442	11077
 consume time 6.95
Result corrent:
 The cost is: 43401
----------------------
g case0
MaxBW	SerFee
23491	400
SER
7,14,17,19,25,26,29,32,35,43,44,59,70,74,82,84,89,93,96,103,111,120,124,126,129,133,137,138,147,161,164,166,167,170,175,178,186,187,194,195,198,200,203,205,218,223,226,234,238,242,243,252,254,259,263,267,268,270,271,275,277,278,281,286,288,297,301,308,320,321,326,328,331,333,334,335,336,338,346,349,363,370,375,381,383,386,387,396,397,400,402,409,413,415,416,423,426,438,459,463,464,466,474,475,482,488,491,496,497,500,503,505,506,507,520,525,529,537,538,541,542,548,552,556,557,570,575,576,584,592,594,625,632,634,638,641,643,646,651,653,660,663,668,670,671,675,677,679,685,687,711,718,719,724,731,739,741,742,745,751,753,755,756,757,760,765,767,770,774,780,784,791,795,797,
N_ser	Cost	Band	
 174	104395	23491
SER
7,14,17,19,25,29,32,35,43,44,59,70,74,82,84,89,93,96,103,108,111,120,124,126,129,133,137,138,147,161,164,166,167,170,175,178,186,187,194,197,198,200,203,205,218,223,227,234,238,242,243,252,254,259,263,267,268,270,271,275,277,278,281,286,288,297,301,308,320,321,326,328,331,333,334,335,336,338,346,349,363,370,375,381,383,386,387,397,400,402,409,413,415,416,423,424,426,438,459,463,464,466,474,475,482,491,496,497,500,503,505,506,507,520,525,529,537,538,541,542,548,552,556,557,570,575,576,584,587,592,594,625,632,634,638,641,643,646,651,653,660,663,668,670,671,675,677,679,685,687,711,718,719,724,731,739,741,742,745,751,753,755,756,757,760,765,767,770,774,780,784,791,795,797,
N_ser	Cost	Band	
 174	104530	23491
 consume time 49.22
Result corrent:
 The cost is: 104395
----------------------
g case1
MaxBW	SerFee
25217	400
SER
8,11,14,16,19,20,23,32,40,44,45,51,52,55,58,66,68,81,83,88,91,95,98,100,104,105,108,112,113,115,117,121,126,127,128,130,132,135,138,141,142,143,147,149,151,152,171,178,183,191,195,200,205,206,210,218,220,224,232,238,239,240,245,248,250,253,258,259,269,273,287,293,294,298,302,303,304,306,308,312,316,326,336,337,338,342,344,345,346,349,361,366,375,378,380,388,389,401,403,404,408,414,417,424,430,434,436,439,442,444,447,449,465,470,472,476,477,481,483,492,494,502,503,504,506,512,513,519,532,542,544,561,579,580,586,588,592,593,597,600,604,605,608,618,620,621,622,625,627,630,631,632,636,637,642,644,647,649,658,660,661,662,664,665,675,682,684,685,686,687,695,700,707,710,717,720,728,735,736,739,748,751,754,757,759,760,761,766,767,769,773,775,776,780,784,788,798,
N_ser	Cost	Band	
 197	107762	25217
SER
8,11,14,16,19,20,23,32,40,44,45,51,52,58,66,68,81,83,88,91,95,98,100,104,105,108,112,113,115,117,121,126,127,128,130,132,135,138,141,142,143,147,149,151,152,171,178,183,191,195,200,205,206,210,218,220,224,232,238,239,240,245,248,250,253,258,259,269,273,287,293,294,298,302,303,304,306,308,312,316,326,336,337,338,342,344,345,346,349,361,366,375,378,380,388,389,401,403,404,408,414,417,424,430,434,436,439,442,444,447,449,465,470,472,476,477,481,483,492,494,502,503,504,506,512,513,519,526,532,542,544,560,561,575,579,580,586,588,592,593,597,600,604,605,608,618,620,622,625,627,630,631,632,637,642,644,647,649,658,660,661,664,665,675,682,684,685,686,687,695,700,707,710,717,720,728,735,736,739,748,751,754,755,757,759,760,761,766,767,769,773,775,776,780,784,788,798,
N_ser	Cost	Band	
 197	107791	25217
 consume time 56.2
Result corrent:
 The cost is: 107762
----------------------
g case2
MaxBW	SerFee
25636	400
SER
18,22,23,41,45,50,51,54,56,58,59,61,62,63,68,72,73,75,79,80,81,83,84,93,94,95,99,100,132,138,141,144,157,160,162,163,166,168,172,181,186,188,192,209,211,212,214,217,224,232,237,239,241,244,247,248,251,256,260,263,267,271,272,273,285,289,299,300,309,310,311,314,316,318,319,323,324,327,329,336,350,354,355,356,358,364,365,368,379,383,387,388,389,391,395,396,397,402,404,407,410,413,418,419,423,424,429,431,432,433,453,454,458,460,461,462,464,467,470,474,476,479,483,486,490,501,502,504,506,508,509,510,515,516,522,527,529,531,539,547,549,556,568,575,576,577,580,586,592,605,610,617,620,621,624,629,630,631,638,641,650,651,653,662,663,664,673,675,677,689,699,701,702,709,714,716,721,726,730,732,738,743,747,759,760,761,763,766,772,780,784,787,795,798,
N_ser	Cost	Band	
 194	108277	25636
SER
18,22,23,41,45,48,50,52,54,56,58,59,61,62,63,68,72,73,75,79,80,81,83,84,93,94,95,99,100,132,138,141,144,157,162,163,166,168,172,181,186,192,209,211,212,214,217,224,232,237,239,241,244,247,248,251,256,260,263,267,271,272,273,285,289,299,300,309,310,311,314,316,318,319,323,324,327,329,336,350,354,355,356,358,364,365,368,379,383,387,388,389,391,395,396,397,402,404,407,410,413,418,419,423,424,429,431,432,433,439,453,454,458,460,461,462,464,466,467,470,474,476,479,483,486,490,501,502,504,506,508,509,510,515,516,522,527,529,531,539,547,549,556,568,575,576,577,580,586,595,605,610,617,620,621,624,629,630,631,638,641,645,650,651,653,662,663,664,673,677,691,699,701,702,709,714,716,721,726,730,732,738,743,747,759,760,761,763,766,780,784,787,795,798,
N_ser	Cost	Band	
 194	107942	25636
 consume time 48.8
Result corrent:
 The cost is: 107942
----------------------
g case3
MaxBW	SerFee
24461	400
SER
9,15,19,21,26,31,33,34,35,38,40,44,56,59,61,64,70,74,87,88,95,97,100,102,103,105,109,113,114,120,127,133,134,139,145,163,165,168,173,177,179,180,182,184,194,195,196,199,203,210,214,229,230,237,244,251,253,256,263,265,269,274,275,280,282,284,287,288,291,296,299,306,307,309,320,324,326,327,330,333,337,340,345,349,352,369,371,376,387,392,397,416,419,422,424,428,429,433,437,440,446,448,450,454,458,462,466,471,472,475,476,495,511,514,516,519,529,534,535,552,562,563,569,572,576,577,580,582,586,588,598,600,603,604,609,611,615,619,626,627,633,635,637,642,644,651,659,668,674,679,685,686,692,694,701,703,705,709,717,718,729,732,734,745,747,750,759,760,762,763,767,768,772,773,776,779,784,790,792,796,797,798,
N_ser	Cost	Band	
 182	106167	24461
SER
9,15,19,21,26,31,33,34,35,38,40,44,56,59,61,64,70,74,87,88,95,97,100,102,103,105,109,113,114,120,127,133,134,139,145,163,165,168,173,177,179,180,182,184,194,195,196,199,203,210,216,229,230,237,244,251,253,256,263,265,269,274,275,280,282,284,287,288,291,296,299,306,307,309,320,324,326,327,330,333,337,340,345,349,352,369,371,376,387,392,397,416,419,422,424,428,429,433,437,440,446,448,450,454,458,462,466,471,472,475,480,495,511,514,516,519,529,534,535,552,562,563,569,572,576,577,580,582,586,588,598,600,603,604,609,611,615,619,626,627,633,635,637,642,644,651,659,668,674,679,685,686,692,694,701,702,703,705,709,717,718,729,732,734,745,747,750,759,760,762,763,767,768,772,773,776,779,784,792,794,796,797,798,
N_ser	Cost	Band	
 183	106221	24461
 consume time 41.95
Result corrent:
 The cost is: 106167
----------------------
g case4
MaxBW	SerFee
26467	400
SER
12,15,16,17,18,23,25,30,32,33,34,35,39,47,48,51,52,54,58,59,63,77,82,83,84,86,87,94,95,96,101,103,109,118,119,125,127,129,136,138,151,152,161,166,173,176,178,179,183,185,187,188,197,198,207,208,211,218,220,225,233,236,240,243,245,247,249,251,254,260,261,264,265,269,285,287,292,306,308,317,324,328,330,338,339,345,349,374,375,378,380,384,386,401,402,405,412,413,416,419,422,425,428,430,437,438,439,440,450,453,458,466,468,470,471,472,475,479,483,498,501,502,533,537,540,541,546,548,550,555,556,564,566,567,568,579,580,587,589,590,593,597,598,613,617,619,623,625,629,631,633,634,641,642,646,653,655,663,664,669,674,675,679,682,686,694,696,711,713,722,725,726,729,733,737,738,741,742,744,749,750,751,756,757,766,767,770,774,776,780,781,784,786,787,790,791,799,
N_ser	Cost	Band	
 197	109570	26467
SER
12,15,16,17,18,23,25,30,32,33,34,35,39,47,48,51,52,54,58,59,63,77,82,83,84,86,87,94,95,96,101,103,109,118,119,125,127,129,136,138,151,152,161,166,167,173,176,178,179,183,185,187,188,197,198,207,208,211,218,220,225,233,236,240,243,245,247,249,251,254,260,261,264,265,269,285,287,292,306,308,317,324,328,330,338,339,345,349,374,375,378,380,384,386,401,402,405,412,413,416,419,422,425,428,430,437,438,439,440,450,453,458,466,468,470,471,472,475,479,483,498,501,502,533,537,540,541,546,548,550,555,556,564,566,567,568,579,580,587,589,590,593,595,597,613,617,619,623,625,629,631,633,634,641,642,646,653,655,663,664,669,674,675,679,686,694,696,711,713,722,725,726,729,733,737,738,741,742,744,749,750,751,756,757,766,767,770,774,776,780,781,784,786,787,790,791,799,
N_ser	Cost	Band	
 197	109706	26467
 consume time 49.47
Result corrent:
 The cost is: 109570
----------------------
g case5
MaxBW	SerFee
24854	400
SER
16,20,26,30,31,32,37,40,45,48,51,52,60,63,68,77,80,82,86,87,89,91,96,99,108,109,110,113,115,118,119,123,125,129,131,133,136,138,147,156,158,159,161,162,170,176,178,182,187,190,191,193,199,202,224,236,239,246,248,249,253,263,266,267,273,276,277,278,286,294,298,300,303,305,307,308,312,319,320,325,329,330,332,334,335,337,347,350,352,357,374,377,378,383,388,402,408,411,414,420,423,424,426,428,429,430,434,435,436,438,439,442,445,447,453,465,467,468,473,474,483,485,501,502,504,505,507,508,521,525,527,542,543,547,557,558,561,562,565,573,584,585,591,598,600,604,606,629,633,638,642,646,652,656,662,663,665,675,683,684,690,693,695,701,706,713,715,728,737,748,757,763,764,766,771,772,775,779,783,790,791,795,798,
N_ser	Cost	Band	
 183	108306	24854
SER
16,20,26,30,31,32,37,40,45,48,51,52,60,63,68,77,80,82,86,87,89,91,96,99,108,109,110,113,115,118,119,123,125,129,131,133,136,138,147,156,158,159,161,162,170,176,178,182,187,190,191,193,199,202,215,224,236,239,246,248,249,253,261,267,276,277,278,286,294,298,300,303,305,307,308,312,316,319,320,325,329,330,332,334,335,337,347,350,352,357,374,377,378,383,388,402,408,411,414,420,423,424,428,429,430,434,435,436,438,439,442,445,447,453,465,467,468,473,474,480,483,485,497,501,502,504,505,507,508,521,525,527,542,543,547,557,558,561,562,565,573,584,585,590,598,600,604,606,633,638,640,642,646,652,656,662,663,665,675,684,685,690,693,695,701,706,713,715,728,737,748,756,757,763,764,766,771,772,775,779,783,790,791,795,798,
N_ser	Cost	Band	
 185	108072	24854
 consume time 47.34
Result corrent:
 The cost is: 108072
----------------------
g case6
MaxBW	SerFee
25711	400
SER
9,15,19,21,25,27,32,33,34,35,36,42,44,47,49,54,57,60,62,68,79,82,93,96,101,107,115,121,131,133,140,142,143,154,155,157,172,173,189,190,197,207,213,214,215,217,220,222,234,235,236,240,243,250,253,254,255,256,272,273,278,280,281,284,286,287,289,291,293,300,306,308,309,311,312,319,326,330,333,335,336,339,340,344,349,365,368,369,371,377,378,380,381,389,393,395,403,404,407,413,416,417,421,425,428,432,435,436,449,453,455,458,459,460,473,478,486,488,500,506,507,508,509,512,514,515,519,522,531,539,544,546,549,553,557,559,560,564,566,568,569,575,577,580,587,591,592,598,602,607,612,618,633,635,636,642,654,657,660,662,666,667,671,672,673,676,677,678,682,684,689,693,694,697,701,708,717,723,729,748,750,751,754,757,762,764,766,768,774,775,780,787,788,792,795,
N_ser	Cost	Band	
 195	109832	25711
SER
9,15,19,21,25,27,32,33,34,35,36,42,44,47,49,54,57,60,62,68,79,82,93,96,101,107,115,121,123,131,133,140,142,143,154,155,157,172,173,189,190,197,207,213,214,215,217,220,222,234,235,236,240,243,250,253,254,255,256,272,273,278,280,281,284,286,287,289,291,293,300,306,308,309,311,312,319,326,330,333,335,336,339,340,349,365,368,369,371,377,378,380,381,389,393,395,403,404,407,413,416,417,421,425,428,432,435,436,449,453,455,458,459,460,473,478,482,486,488,500,506,507,508,509,512,514,515,519,522,531,539,544,546,549,553,557,559,560,564,566,568,569,575,577,580,587,591,592,598,602,607,612,618,635,636,642,654,657,660,662,666,671,672,673,676,677,678,682,684,689,693,694,697,701,708,717,723,729,748,750,751,754,757,762,764,766,768,774,775,780,787,788,792,795,
N_ser	Cost	Band	
 194	110004	25711
 consume time 42.38
Result corrent:
 The cost is: 109832
----------------------
g case7
MaxBW	SerFee
25252	400
SER
10,14,17,19,23,24,28,31,35,42,43,44,53,58,62,63,65,67,68,73,78,79,88,90,94,97,109,115,116,122,123,132,136,137,138,141,142,149,157,159,167,168,170,174,175,195,197,200,204,212,215,218,224,231,234,241,247,250,251,252,253,258,262,263,264,266,267,269,272,283,289,290,295,298,302,305,308,322,323,326,328,331,333,335,339,341,344,347,350,352,354,356,364,369,373,375,379,382,389,391,394,395,399,401,409,414,418,425,426,429,430,435,437,449,450,456,458,467,473,474,476,477,478,495,497,500,501,502,505,510,514,525,530,532,540,541,542,545,547,551,554,556,557,565,569,579,582,583,587,599,601,602,613,614,618,621,623,628,629,631,632,637,644,658,661,663,666,670,673,678,681,693,696,700,705,711,717,718,733,737,740,741,753,755,757,762,765,767,768,773,774,776,778,784,787,789,791,799,
N_ser	Cost	Band	
 198	110488	25252
SER
10,14,17,19,23,24,28,31,35,42,43,44,53,58,62,63,65,67,68,73,78,79,88,90,94,97,109,115,116,122,123,132,136,137,138,141,142,149,157,159,167,168,170,174,175,195,197,200,204,212,215,218,224,231,234,241,247,250,251,252,253,258,260,262,263,266,267,268,269,272,283,289,290,295,298,302,305,308,322,323,326,328,331,333,335,339,341,344,347,350,352,354,356,364,369,373,375,379,382,389,394,395,399,401,409,414,418,425,426,429,430,435,437,449,450,456,458,467,473,474,476,477,478,495,497,500,501,502,505,510,514,530,532,540,541,542,545,547,551,554,556,559,565,569,579,582,583,587,592,599,601,602,613,614,618,621,623,628,629,631,632,637,644,658,661,663,666,670,673,678,681,693,696,704,705,711,717,718,730,737,740,741,753,755,757,762,765,767,768,773,774,776,778,784,787,789,791,799,
N_ser	Cost	Band	
 198	110314	25252
 consume time 41.19
Result corrent:
 The cost is: 110314
----------------------
g case8
MaxBW	SerFee
25305	400
SER
7,14,16,18,19,29,35,37,38,40,41,42,44,49,51,54,55,56,58,70,75,79,81,83,85,88,94,103,110,111,124,126,128,141,143,146,147,153,157,161,162,165,166,169,170,185,187,190,192,195,197,203,206,210,213,221,222,224,225,228,229,237,239,241,245,246,247,249,251,253,259,260,262,263,266,267,271,281,284,288,301,302,307,311,312,313,316,323,324,325,334,340,344,347,363,369,372,375,376,380,389,390,391,399,404,411,413,417,419,420,421,426,433,440,442,443,444,448,449,464,467,470,477,478,484,487,491,495,501,506,509,510,512,518,520,523,524,536,538,554,557,560,561,562,566,567,570,576,578,585,591,597,599,600,607,610,612,616,624,626,628,630,633,637,644,646,649,655,668,669,672,678,679,684,687,689,692,698,707,710,712,714,730,735,736,746,750,751,754,760,774,779,782,787,790,793,797,798,
N_ser	Cost	Band	
 198	109683	25305
SER
7,14,16,18,19,29,35,37,38,40,41,42,44,49,51,54,55,56,58,70,75,79,81,83,85,88,94,103,110,111,124,126,128,141,143,146,147,153,157,161,162,165,166,169,170,185,187,190,192,195,197,203,206,210,213,221,222,224,225,228,229,237,239,241,245,246,247,249,251,253,259,260,262,263,266,267,271,281,284,289,301,302,307,311,312,313,316,323,324,325,334,340,344,347,363,369,372,375,376,380,389,390,391,399,404,411,413,417,419,420,421,427,433,440,442,443,444,448,449,464,467,470,477,478,484,487,491,495,501,506,509,510,512,518,520,523,524,536,538,554,557,560,561,562,566,567,570,576,578,585,589,591,597,599,600,607,610,612,616,624,626,628,630,633,637,644,646,649,655,668,669,672,678,679,684,687,689,692,698,707,710,712,714,730,735,736,746,750,751,754,760,774,779,782,787,790,793,797,798,
N_ser	Cost	Band	
 199	109734	25305
 consume time 38.69
Result corrent:
 The cost is: 109683
----------------------

