228 1258 48

263
   
0 28 9 10
0 33 16 2
0 48 24 3
0 74 39 6
0 137 47 1
0 152 14 8
0 197 25 4
0 207 3 3
0 212 48 1
0 216 25 3
1 6 38 9
1 86 8 8
1 99 12 8
1 120 9 6
1 137 12 7
1 144 2 1
1 186 28 10
1 189 19 1
1 204 9 2
1 212 1 6
1 222 18 5
2 20 5 1
2 23 28 8
2 29 49 7
2 47 33 9
2 77 47 6
2 107 41 5
2 119 16 10
2 148 20 10
2 166 16 2
2 174 23 7
2 199 48 5
2 200 31 5
3 13 38 2
3 19 42 4
3 35 5 6
3 47 32 5
3 123 42 9
3 146 7 1
3 155 20 10
3 184 9 5
3 223 14 7
4 10 44 7
4 57 10 5
4 84 5 5
4 116 41 7
4 154 16 6
4 165 23 9
4 179 41 6
4 185 7 6
4 191 36 1
4 202 44 5
4 220 6 9
5 15 19 9
5 46 14 9
5 64 47 10
5 68 39 7
5 69 48 5
5 103 9 6
5 118 5 8
5 196 16 2
5 224 31 10
6 14 15 2
6 35 23 2
6 51 21 8
6 63 13 4
6 74 1 2
6 98 23 4
6 109 29 8
6 118 43 6
6 144 2 10
6 213 32 8
6 220 10 8
7 57 34 6
7 93 15 5
7 94 41 2
7 127 28 3
7 136 30 7
7 150 14 6
7 153 37 4
7 161 19 1
7 164 22 6
7 167 26 2
8 19 19 9
8 35 19 7
8 58 25 5
8 64 28 7
8 70 1 3
8 102 37 10
8 153 23 6
8 181 21 2
8 182 13 7
8 219 35 8
9 44 2 8
9 48 1 8
9 61 39 3
9 78 44 2
9 93 2 5
9 122 25 1
9 169 48 1
9 220 13 2
10 25 39 8
10 38 13 6
10 59 1 9
10 86 25 10
10 108 11 5
10 111 26 10
10 124 21 2
10 149 1 7
10 155 7 5
10 168 47 10
10 196 37 9
10 225 16 6
11 24 38 4
11 42 10 1
11 54 4 10
11 70 44 8
11 83 11 6
11 108 22 3
11 132 31 3
11 141 2 2
11 160 48 9
11 183 46 4
11 202 16 7
11 215 45 1
11 219 30 5
12 22 1 2
12 67 23 5
12 90 22 1
12 91 16 8
12 97 11 1
12 118 37 4
12 124 36 4
12 164 36 6
12 175 44 2
12 219 31 2
13 16 19 10
13 24 8 7
13 130 14 8
13 155 19 1
13 193 18 3
13 210 48 7
13 220 28 6
14 35 50 9
14 55 13 1
14 86 17 9
14 127 30 3
14 199 29 9
15 27 24 1
15 40 14 5
15 52 14 1
15 65 26 1
15 120 31 9
15 156 4 7
15 169 48 10
15 184 12 6
15 215 41 1
16 17 48 1
16 30 30 9
16 34 36 6
16 58 16 3
16 113 4 6
16 124 3 6
16 167 12 8
16 177 26 3
16 207 26 10
16 209 32 4
16 213 50 7
16 222 16 7
17 49 26 7
17 53 1 6
17 68 19 2
17 86 33 2
17 87 12 4
17 89 22 4
17 105 25 5
17 107 15 8
17 110 3 9
17 115 25 6
17 117 48 10
17 156 5 5
17 158 5 5
17 159 27 4
17 195 2 8
17 201 28 4
17 208 5 1
17 227 26 9
18 26 39 1
18 37 35 5
18 41 43 4
18 55 39 4
18 115 45 4
18 126 21 10
18 146 41 9
18 153 30 2
18 185 17 6
19 61 16 9
19 74 19 7
19 83 42 10
19 88 19 1
19 89 42 5
19 125 14 4
19 129 10 10
19 130 8 10
20 25 32 1
20 27 46 7
20 34 28 9
20 36 14 8
20 60 42 6
20 77 34 2
20 120 36 6
20 146 42 3
20 149 35 6
21 47 39 4
21 54 40 8
21 61 11 9
21 105 19 3
21 123 1 2
21 149 16 10
21 200 40 3
21 216 24 10
22 84 49 7
22 112 29 9
22 123 22 7
22 129 33 1
22 132 16 8
22 173 37 9
22 187 49 6
22 197 33 10
22 205 15 8
22 227 8 5
23 37 34 8
23 61 17 10
23 62 35 9
23 86 24 3
23 88 37 7
23 118 29 7
23 124 44 5
23 125 20 7
23 133 1 9
23 136 47 4
23 148 22 6
23 178 10 9
23 183 40 9
23 193 5 6
23 201 6 5
23 204 4 6
23 216 3 10
24 28 32 7
24 38 47 2
24 54 40 5
24 70 50 9
24 83 22 10
24 86 9 6
24 132 10 4
24 151 15 1
24 173 50 10
24 201 40 7
24 202 24 5
24 212 50 4
25 32 39 2
25 56 22 7
25 81 6 8
25 87 49 2
25 90 14 3
25 126 5 10
25 147 27 1
25 149 9 8
25 214 32 3
25 222 17 4
26 55 33 1
26 65 48 5
26 94 45 6
26 115 41 2
26 133 28 8
26 137 47 4
26 146 6 2
26 191 14 10
27 58 1 2
27 101 45 9
27 114 1 2
27 117 1 6
27 162 13 7
27 173 40 10
27 204 25 2
27 226 38 2
27 227 14 4
28 40 34 5
28 109 23 7
28 157 39 9
28 161 31 10
28 207 25 1
28 212 46 1
28 218 22 6
28 221 19 6
28 227 10 7
29 80 18 5
29 92 43 4
29 95 48 3
29 97 46 10
29 99 22 3
29 173 17 8
29 184 33 4
29 217 24 8
30 52 35 10
30 57 35 9
30 94 4 10
30 97 38 1
30 108 12 5
30 137 2 2
30 143 17 3
30 191 1 7
30 193 42 9
30 216 16 2
30 221 46 5
31 44 34 2
31 65 13 10
31 92 47 1
31 105 35 5
31 121 41 7
31 126 26 5
31 157 30 10
31 190 44 4
32 66 3 9
32 68 13 4
32 74 6 1
32 76 30 7
32 114 14 1
32 125 34 9
32 148 9 5
32 155 17 7
32 223 14 2
32 227 7 10
33 64 5 1
33 67 12 9
33 80 44 1
33 91 13 3
33 121 21 8
33 158 15 7
33 181 18 10
33 224 16 10
34 42 13 8
34 53 36 1
34 72 43 7
34 113 9 3
34 210 33 8
34 222 38 3
35 51 21 8
35 86 3 8
35 148 29 4
35 154 19 8
35 198 48 8
36 48 50 9
36 77 22 1
36 82 6 6
36 83 36 4
36 101 13 6
36 106 34 7
36 107 11 1
36 108 39 1
36 130 33 10
36 190 23 1
37 143 11 2
37 144 46 6
37 165 18 2
37 181 17 6
37 185 31 8
37 186 28 1
37 222 21 9
38 49 22 8
38 52 9 2
38 111 50 7
38 130 4 7
38 156 45 5
38 178 21 1
38 181 35 9
38 189 38 1
38 211 23 7
38 220 46 7
39 50 43 10
39 56 28 6
39 73 1 6
39 126 31 7
39 144 7 4
39 176 8 3
39 210 20 4
39 217 10 5
40 75 4 8
40 81 35 2
40 85 6 10
40 91 17 5
40 96 38 6
40 112 38 6
40 122 15 10
40 129 29 1
40 136 4 7
40 139 28 8
40 147 46 10
40 171 38 7
40 199 30 1
40 211 39 7
40 226 28 8
41 49 2 1
41 80 27 10
41 87 42 1
41 138 46 4
41 163 33 10
41 186 34 8
41 201 10 4
41 225 11 3
42 58 15 3
42 59 38 4
42 104 24 2
42 127 19 7
42 128 8 3
42 147 13 3
42 150 30 4
43 53 49 1
43 60 41 6
43 81 28 4
43 85 7 6
43 142 11 3
43 143 40 6
43 147 15 2
43 169 15 3
43 178 1 3
43 181 48 9
43 182 22 6
44 142 25 7
44 143 17 4
44 148 27 3
44 179 14 3
44 190 2 1
44 203 19 10
45 144 20 3
45 145 37 5
45 146 35 2
45 192 7 6
45 194 27 2
45 206 31 3
45 217 44 2
45 221 9 1
45 225 35 10
46 55 2 2
46 63 20 7
46 66 16 9
46 69 7 1
46 95 40 10
46 121 46 5
46 194 25 5
47 48 34 2
47 56 47 3
47 141 14 4
47 162 18 6
47 200 50 2
48 56 42 1
48 115 19 2
48 143 10 5
48 146 5 6
48 162 27 10
48 174 39 8
48 181 23 4
48 211 50 8
48 216 12 8
49 68 4 2
49 81 5 4
49 93 44 5
49 99 35 7
49 111 16 7
49 127 1 8
49 173 41 1
49 181 4 1
49 189 49 5
50 60 34 9
50 62 7 8
50 70 22 7
50 73 10 7
50 104 47 4
50 118 15 3
50 126 2 5
50 154 46 3
50 176 45 4
50 180 14 2
50 210 26 10
50 227 42 10
51 96 6 7
51 109 25 7
51 125 43 9
51 144 37 1
51 173 30 7
51 198 25 2
51 205 35 6
51 210 14 10
51 213 16 7
51 224 28 1
52 65 12 1
52 89 25 3
52 127 28 6
52 128 30 5
52 142 20 9
52 157 30 6
52 198 1 7
52 223 13 2
53 54 35 2
53 70 37 9
53 79 43 5
53 90 8 2
53 96 37 9
53 97 43 9
53 105 17 8
53 115 25 3
53 158 31 3
53 182 12 10
53 193 8 9
53 203 49 6
53 227 22 7
54 62 11 7
54 63 32 9
54 70 7 3
54 83 35 7
54 125 18 2
54 143 15 4
54 154 3 5
54 156 48 7
54 159 32 8
54 202 21 8
55 73 39 6
55 107 42 4
55 130 11 4
55 143 47 3
55 146 40 8
56 82 44 9
56 104 28 1
56 129 33 6
56 152 40 3
56 155 17 6
56 162 8 4
56 168 50 10
56 178 20 7
56 196 4 9
57 96 12 8
57 125 14 3
57 130 23 4
57 134 42 3
57 154 33 7
57 161 11 1
57 191 18 7
57 204 39 9
57 207 25 10
57 220 7 2
58 101 17 8
58 164 46 5
58 171 33 5
58 188 39 10
58 204 20 8
59 66 35 5
59 72 11 3
59 134 5 7
59 136 11 2
59 144 45 10
59 163 21 8
59 171 10 6
59 201 39 4
60 69 43 8
60 70 40 7
60 95 36 6
60 101 23 2
60 140 10 7
60 158 27 1
60 161 47 7
60 165 9 3
60 166 50 7
60 206 24 7
60 208 20 3
61 80 48 7
61 103 19 6
61 118 3 1
61 119 28 6
61 125 50 9
61 133 40 2
61 137 47 3
61 156 15 3
61 172 32 10
61 176 4 4
61 190 16 1
61 200 34 1
62 66 4 4
62 77 16 10
62 91 19 10
62 105 7 3
62 114 47 4
62 136 25 3
62 147 15 1
62 217 10 7
63 81 42 7
63 87 28 5
63 91 35 3
63 105 27 6
63 151 9 6
63 197 21 9
63 206 19 3
63 215 30 9
64 65 19 8
64 93 39 1
64 98 3 4
64 115 41 9
64 137 38 10
64 145 24 7
64 169 45 6
65 88 32 8
65 92 26 5
65 104 37 2
65 111 31 9
65 142 29 9
65 209 31 7
66 73 45 3
66 79 5 9
66 81 17 2
66 102 18 7
66 108 39 3
66 110 19 9
66 122 40 6
66 167 5 6
67 106 4 2
67 131 33 2
67 133 41 5
67 137 33 7
67 147 29 1
67 164 22 6
67 170 23 3
67 183 19 6
67 189 17 5
67 193 26 4
68 71 38 5
68 77 31 4
68 123 46 1
68 139 46 10
68 174 46 10
68 204 11 1
68 212 47 3
68 214 2 3
69 94 4 7
69 118 4 10
69 133 29 4
69 147 49 3
70 72 7 9
70 83 49 2
70 108 34 8
70 160 40 9
70 181 32 9
70 196 4 6
70 202 28 5
70 219 17 7
71 77 35 4
71 108 19 1
71 109 46 7
71 115 49 6
71 128 8 10
71 133 11 8
71 174 42 4
72 91 23 2
72 96 15 1
72 151 43 4
72 159 45 2
72 180 12 1
72 182 28 9
72 183 47 5
72 211 9 1
73 107 10 10
73 126 7 5
73 133 17 6
73 137 14 8
73 157 2 3
73 176 29 10
73 179 19 4
73 194 39 2
73 206 10 10
73 210 13 3
73 215 35 6
74 78 20 2
74 114 9 1
74 156 43 8
74 161 11 5
74 182 45 6
74 214 21 10
74 221 37 10
75 85 20 9
75 138 48 4
75 145 40 8
75 169 23 3
75 174 1 3
75 192 33 1
75 205 11 9
75 219 24 2
75 223 8 2
76 98 25 1
76 113 29 8
76 141 50 8
76 143 20 2
76 177 18 2
76 204 6 8
77 104 5 2
77 107 14 1
77 124 36 3
77 162 37 3
77 179 36 5
77 190 18 1
77 199 29 10
78 79 50 10
78 164 30 7
78 179 12 3
78 185 4 9
78 188 15 10
79 127 35 5
79 135 12 8
79 164 42 10
79 172 25 8
79 185 32 9
79 191 20 2
79 195 27 8
79 202 1 3
80 95 28 6
80 131 25 1
80 132 42 3
80 186 3 3
80 198 5 6
80 206 48 2
81 91 2 2
81 100 47 6
81 102 33 2
81 114 9 4
81 119 8 3
81 129 32 7
81 140 22 10
81 147 14 8
81 157 24 1
81 159 2 1
81 194 33 9
81 224 5 7
82 100 16 6
82 119 21 2
82 183 2 2
82 189 41 4
82 216 43 10
83 105 25 2
83 134 26 6
83 135 3 5
83 202 26 5
83 211 37 6
84 93 5 10
84 107 21 2
84 112 39 4
84 131 14 2
84 166 24 5
84 184 1 3
84 187 38 1
84 189 19 7
84 196 6 6
84 205 7 9
85 114 38 10
85 128 14 10
85 129 34 2
85 136 47 3
85 141 5 10
85 142 23 9
85 178 2 2
85 227 38 9
86 87 49 3
86 109 50 4
86 118 14 5
86 120 10 5
86 128 31 5
86 149 16 4
86 158 1 5
86 161 48 7
86 168 21 3
86 190 43 7
86 213 17 3
87 88 48 1
87 102 44 9
87 103 44 4
87 106 21 2
87 118 27 6
87 145 1 6
87 197 40 6
87 198 22 9
87 223 37 6
88 103 22 1
88 105 11 5
88 145 7 4
88 169 40 10
88 198 48 6
88 203 6 7
89 94 10 2
89 97 20 5
89 141 44 6
89 149 1 8
89 215 36 6
89 223 38 6
90 99 39 7
90 133 45 9
90 146 48 8
90 189 20 7
90 205 8 5
90 210 50 4
91 98 45 2
91 99 35 3
91 102 33 1
91 129 28 2
91 147 21 1
91 155 2 7
91 165 7 2
91 176 10 6
91 183 33 9
91 197 17 3
91 206 40 8
91 222 38 4
92 113 26 10
92 124 36 5
92 128 37 10
92 171 29 4
92 204 13 1
92 226 9 3
93 118 22 4
93 150 9 7
93 168 47 4
93 171 15 6
93 218 9 2
93 221 17 10
94 95 38 3
94 115 19 3
94 116 35 2
94 133 26 10
94 141 48 10
94 142 25 7
94 157 34 9
94 170 22 8
94 215 6 1
95 103 49 1
95 148 49 4
95 220 37 7
95 227 27 1
96 99 16 9
96 112 24 10
96 138 20 5
96 180 27 1
96 211 11 1
96 220 8 1
97 170 35 10
97 174 38 3
97 177 47 10
97 184 49 10
97 194 4 8
97 213 16 7
98 123 48 10
98 178 44 9
98 185 44 4
99 120 29 7
99 129 39 3
99 131 27 3
99 162 44 9
99 163 35 7
99 169 30 4
99 186 13 7
99 207 41 7
100 132 35 7
100 157 31 2
100 165 17 10
100 173 22 4
100 183 8 2
100 195 22 5
100 199 41 1
100 201 44 1
100 202 5 6
101 109 7 5
101 128 28 4
101 140 36 5
101 181 22 2
101 187 6 3
101 193 17 10
101 204 1 1
102 153 44 4
102 192 18 1
102 203 28 8
102 209 12 10
102 220 46 8
102 223 6 5
103 136 16 4
103 145 46 1
103 157 23 10
103 198 19 7
104 116 12 4
104 134 1 6
104 140 48 10
104 167 7 1
104 173 2 2
104 202 24 3
104 204 28 1
104 219 4 1
104 223 16 1
104 225 36 1
105 121 31 3
105 136 22 9
105 137 39 4
105 153 31 1
105 157 14 1
105 226 28 4
105 227 40 9
106 113 37 6
106 131 22 10
106 142 50 10
106 161 46 1
106 170 46 1
106 199 50 3
106 204 18 9
106 215 25 3
107 167 17 2
107 169 30 1
107 189 11 6
107 190 23 1
107 193 33 2
108 117 8 8
108 121 16 9
108 124 26 8
108 137 36 2
108 138 18 3
108 143 13 2
108 145 11 1
108 162 17 8
108 176 27 1
108 182 22 8
108 200 35 4
108 216 31 10
109 119 41 10
109 120 44 1
109 144 48 9
109 147 33 10
109 213 1 6
110 119 22 1
110 122 5 4
110 143 16 9
110 144 29 1
110 166 6 5
110 186 6 5
111 119 42 5
111 154 35 4
111 181 46 10
111 189 29 5
111 200 24 6
111 214 33 1
111 217 30 1
112 116 18 9
112 117 12 3
112 187 31 6
112 205 46 1
112 212 30 8
113 222 8 7
113 226 8 4
114 121 49 7
114 182 49 2
114 200 15 8
114 217 12 6
115 158 40 10
115 175 3 9
115 186 30 4
115 214 25 3
115 227 50 5
116 120 10 3
116 127 29 8
116 129 40 5
116 195 2 6
116 197 6 9
116 198 16 5
116 208 40 3
117 172 45 3
117 176 31 8
117 193 49 7
118 125 6 7
118 133 33 5
118 167 38 3
118 172 6 2
118 214 15 6
118 220 8 4
118 222 32 7
119 169 49 5
119 184 8 1
119 203 21 4
120 174 20 6
120 204 1 8
120 205 28 3
121 147 25 5
121 154 10 5
121 155 44 2
121 157 44 3
121 176 3 1
121 193 43 1
121 225 3 3
122 132 9 8
122 160 32 8
122 169 23 1
122 179 6 1
122 185 40 7
122 203 9 8
122 218 36 6
123 133 42 5
123 155 3 7
123 168 35 2
123 177 19 8
123 213 30 5
124 133 39 1
124 144 39 8
124 182 18 8
124 203 31 4
125 133 30 3
125 139 41 10
125 148 37 10
125 151 1 10
125 153 3 3
125 156 49 1
125 186 7 7
126 145 39 4
126 158 10 5
126 176 12 10
126 189 30 2
126 210 5 5
126 224 3 1
127 135 24 4
127 152 37 8
127 155 8 4
127 214 6 5
127 223 35 10
128 150 4 3
128 171 33 3
128 190 4 5
128 203 5 1
129 147 6 3
129 152 36 7
129 180 30 4
129 188 23 1
130 151 37 8
130 178 4 7
130 198 40 6
130 219 3 3
130 227 7 5
131 154 20 5
131 157 45 8
131 170 7 4
131 175 17 6
131 179 27 10
132 157 43 9
132 189 17 8
132 223 25 2
133 149 23 8
133 159 41 5
133 185 27 2
133 195 13 8
133 207 2 1
133 209 15 7
133 211 15 5
134 163 1 9
134 201 9 7
135 153 13 7
135 167 29 10
135 201 23 4
135 213 28 2
135 214 10 10
135 225 5 8
136 138 20 8
136 167 13 5
137 143 24 7
137 181 33 5
137 189 4 10
137 216 17 2
138 157 8 10
138 175 31 1
138 214 5 6
138 215 24 8
138 224 37 2
138 226 37 5
139 153 28 1
139 199 4 6
139 218 36 10
139 227 26 1
140 147 13 10
140 154 1 1
140 161 9 4
140 163 33 5
140 182 50 7
140 184 39 1
140 196 39 5
141 143 48 2
141 160 7 4
141 215 39 1
141 224 24 5
142 170 14 9
142 178 48 7
142 192 4 2
142 208 3 1
143 166 7 6
143 171 25 6
143 193 17 5
143 199 31 2
143 216 5 1
144 213 4 2
145 191 37 3
145 198 46 4
146 194 44 4
146 195 40 10
146 207 27 10
146 214 22 3
147 164 28 1
147 167 46 10
147 171 45 8
147 184 6 8
147 194 18 10
147 206 21 9
147 216 49 1
148 150 17 2
148 166 49 2
148 168 1 2
148 174 37 1
149 178 29 5
150 157 44 10
150 161 34 2
150 163 41 6
150 204 18 7
150 221 9 7
151 160 16 1
151 187 26 6
152 176 28 7
152 184 33 3
152 188 24 9
152 203 6 6
152 212 25 2
153 175 12 3
153 190 22 5
154 191 40 2
154 220 16 2
155 200 14 5
155 213 5 1
155 219 12 10
156 186 22 1
156 197 21 1
157 177 43 9
158 164 20 3
158 173 19 10
158 180 32 2
158 183 38 9
158 194 44 5
158 209 28 2
158 217 26 10
158 227 27 9
159 162 32 7
159 176 37 2
159 193 13 4
160 184 20 10
160 188 33 10
160 201 35 3
161 182 25 6
161 223 13 2
162 204 40 7
162 205 30 8
162 211 34 5
163 175 39 8
163 201 24 8
164 172 41 8
164 180 27 7
164 185 1 9
165 172 14 1
165 175 10 8
165 185 47 5
166 174 47 9
167 185 44 4
167 194 24 2
167 202 43 10
167 219 11 1
167 223 13 1
168 170 20 9
168 180 5 1
168 225 15 5
169 209 27 6
170 185 49 1
170 204 18 1
171 191 47 4
171 227 49 6
172 193 44 2
174 212 37 6
175 209 24 5
175 220 6 9
175 224 1 3
175 225 34 4
175 226 31 8
176 210 4 9
176 211 48 6
176 219 34 7
176 222 3 3
178 207 6 9
179 205 18 7
179 223 36 2
179 226 38 7
180 195 22 4
180 204 15 9
180 211 19 1
180 219 16 2
180 225 24 5
181 189 19 3
182 188 36 5
182 199 36 3
182 203 19 8
183 184 15 3
183 185 26 4
184 213 35 10
184 216 6 1
185 219 10 5
187 205 32 8
187 207 24 1
188 199 10 9
188 203 32 8
188 208 3 2
189 227 32 6
190 218 33 9
190 225 4 2
191 217 25 6
191 220 41 10
191 221 45 4
192 217 5 1
192 221 20 1
193 195 3 3
193 206 15 5
193 208 2 5
194 219 26 2
195 197 38 6
195 208 49 2
196 220 10 6
197 204 29 1
197 208 32 10
197 209 42 4
197 224 41 6
198 218 39 7
200 203 26 8
201 202 36 9
201 227 46 6
205 210 18 8
206 216 8 7
207 218 20 9
207 223 1 6
208 214 16 4
211 221 38 9
214 219 3 4
215 220 45 10
215 223 36 2
216 217 30 10
216 221 19 3
218 226 22 5
218 227 2 8
219 223 20 1
223 225 5 4
224 226 17 4
  
0 8 40
1 11 13
2 22 28
3 3 45
4 17 11
5 19 26
6 16 15
7 13 13
8 5 18
9 25 15
10 7 10
11 24 23
12 63 57
13 33 10
14 34 32
15 35 28
16 69 25
17 41 99
18 76 82
19 45 27
20 51 21
21 125 28
22 109 14
23 100 64
24 99 47
25 107 22
26 104 55
27 111 28
28 88 32
29 113 50
30 148 22
31 154 16
32 166 22
33 150 31
34 176 20
35 143 70
36 140 52
37 156 20
38 165 31
39 221 24
40 222 15
41 200 36
42 185 22
43 215 46
44 191 40
45 193 49
46 216 63
47 212 8
